00201 165 0 235
00202 167 0 235
00203 160 0 235
00204 180 0 225
00205 161 0 274
00206 143 0 274
00207 153 0 216
00208 157 0 276
00209 169 0 275
00210 185 0 239
00211 165 0 330
00212 153 0 330
00213 193 0 308
00214 186 0 386
00215 191 0 386
00216 226 0 350
00217 214 0 445
00218 220 0 444
00219 229 0 409
00220 227 0 457
00221 230 0 456
00222 258 0 429
00223 252 0 499
00224 239 0 500
00225 297 0 465
00226 272 0 565
00227 271 0 569
00228 290 0 543
00229 274 0 625
00230 264 0 617
00231 281 0 558
00232 277 0 640
00233 273 0 636
00234 303 0 587
00235 298 0 681
00236 298 0 680
00237 315 0 636
00238 280 0 712
00239 272 0 707
00240 273 0 661
00241 267 0 715
00242 269 0 720
00243 272 0 684
00244 265 0 745
00245 267 0 753
00246 284 0 719
00247 293 0 782
00248 274 0 786
00249 307 0 746
00250 288 0 810
00251 287 0 811
00252 346 0 773
00253 334 0 858
00254 331 0 861
00255 337 0 820
00256 333 0 895
00257 318 0 883
00258 324 0 823
00259 306 0 882
00260 298 0 869
00261 325 0 810
00262 333 0 893
00263 309 0 893
00264 332 0 852
00265 334 0 918
00266 327 0 914
00267 354 0 869
00268 334 0 958
00269 356 0 953
00270 367 0 909
00271 355 0 996
00272 349 0 992
00273 361 0 941
00274 350 0 998
00275 340 0 991
00276 318 0 948
00277 305 0 998
00278 310 0 992
00279 309 0 933
00280 309 0 991
00281 296 0 976
00282 297 0 914
00283 289 0 964
00284 276 0 953
00285 284 0 908
00286 272 0 955
00287 268 0 940
00288 285 0 903
00289 282 0 951
00290 280 0 938
00291 280 0 894
00292 286 0 930
00293 302 0 920
00294 349 0 870
00295 339 0 983
00296 327 0 971
00297 354 0 915
00298 360 0 1009
00299 357 0 1009
00300 384 0 956
00301 359 0 1050
00302 366 0 1050
00303 371 0 1003
00304 355 0 1079
00305 344 0 1074
00306 355 0 1020
00307 348 0 1087
00308 331 0 1088
00309 322 0 1016
00310 325 0 1068
00311 296 0 1077
00312 315 0 1038
00313 326 0 1113
00314 329 0 1113
00315 324 0 1080
00316 306 0 1127
00317 303 0 1054
00318 317 0 967
00319 314 0 1007
00320 308 0 982
00321 310 0 917
00322 313 0 990
00323 296 0 988
00324 309 0 950
00325 297 0 1024
00326 278 0 1027
00327 303 0 998
00328 291 0 1065
00329 291 0 1062
00330 332 0 1005
00331 338 0 1074
00332 342 0 1069
00333 335 0 1019
00334 333 0 1081
00335 321 0 1085
00336 322 0 1013
00337 319 0 1073
00338 314 0 1056
00339 327 0 1003
00340 315 0 1066
00341 320 0 1051
00342 345 0 981
00343 325 0 1060
00344 340 0 1050
00345 353 0 999
00346 333 0 1062
00347 332 0 1060
00348 364 0 1017
00349 371 0 1102
00350 343 0 1096
00351 361 0 1053
00352 362 0 1136
00353 358 0 1135
00354 362 0 1087
00355 360 0 1181
00356 345 0 1181
00357 396 0 1149
00358 383 0 1243
00359 378 0 1244
00360 363 0 1186
00361 363 0 1267
00362 351 0 1260
00363 350 0 1196
00364 357 0 1255
00365 321 0 1210
00366 348 0 1101
00367 333 0 1159
00368 340 0 1138
00369 310 0 1064
00370 324 0 1085
00371 310 0 1075
00372 334 0 1026
00373 333 0 1087
00374 321 0 1074
00375 355 0 1029
00376 356 0 1096
00377 339 0 1081
00378 381 0 1021
00379 360 0 1102
00380 341 0 1091
00381 373 0 1049
00382 367 0 1122
00383 372 0 1109
00384 377 0 1032
00385 364 0 1055
00386 338 0 1043
00387 340 0 965
00388 339 0 1021
00389 330 0 1005
00390 356 0 949
00391 332 0 1015
00392 340 0 1001
00393 353 0 950
00394 340 0 1009
00395 350 0 999
00396 362 0 954
00397 333 0 1026
00398 331 0 1017
00399 349 0 972
00400 336 0 1041
00401 326 0 1038
00402 367 0 987
00403 353 0 1071
00404 329 0 1066
00405 333 0 1025
00406 323 0 1088
00407 313 0 1083
00408 321 0 1056
00409 335 0 1126
00410 331 0 1119
00411 343 0 1082
00412 338 0 1147
00413 316 0 1139
00414 322 0 1087
00415 312 0 1144
00416 327 0 1126
00417 346 0 1083
00418 336 0 1164
00419 337 0 1163
00420 338 0 1115
00421 316 0 1174
00422 312 0 1181
00423 322 0 1141
00424 306 0 1214
00425 309 0 1208
00426 304 0 1138
00427 309 0 1131
00428 272 0 1081
00429 306 0 1040
00430 311 0 1073
00431 301 0 1040
00432 317 0 947
00433 306 0 1017
00434 269 0 1005
00435 316 0 979
00436 321 0 1068
00437 323 0 1086
00438 356 0 1033
00439 356 0 1113
00440 349 0 1120
00441 382 0 1086
00442 376 0 1177
00443 369 0 1185
00444 378 0 1149
00445 381 0 1239
00446 372 0 1244
00447 367 0 1207
00448 341 0 1268
00449 367 0 1258
00450 359 0 1184
00451 367 0 1203
00452 367 0 1180
00453 389 0 1135
00454 381 0 1196
00455 352 0 1181
00456 370 0 1117
00457 371 0 1150
00458 343 0 1119
00459 382 0 1064
00460 382 0 1107
00461 359 0 1099
00462 376 0 1060
00463 350 0 1135
00464 353 0 1131
00465 367 0 1086
00466 362 0 1155
00467 354 0 1144
00468 354 0 1094
00469 354 0 1143
00470 355 0 1128
00471 349 0 1069
00472 344 0 1134
00473 327 0 1121
00474 348 0 1073
00475 349 0 1155
00476 345 0 1156
00477 384 0 1119
00478 357 0 1202
00479 352 0 1196
00480 352 0 1152
00481 350 0 1210
00482 355 0 1187
00483 373 0 1120
00484 357 0 1172
00485 370 0 1151
00486 360 0 1120
00487 370 0 1167
00488 350 0 1167
00489 360 0 1130
00490 366 0 1187
00491 371 0 1187
00492 379 0 1157
00493 380 0 1235
00494 368 0 1228
00495 353 0 1152
00496 378 0 1210
00497 373 0 1211
00498 393 0 1167
00499 367 0 1242
00500 372 0 1234
00501 372 0 1189
00502 377 0 1223
00503 366 0 1204
00504 399 0 1146
00505 395 0 1218
00506 380 0 1220
00507 405 0 1161
00508 392 0 1243
00509 379 0 1232
00510 392 0 1176
00511 392 0 1225
00512 367 0 1217
00513 380 0 1138
00514 377 0 1195
00515 357 0 1177
00516 370 0 1126
00517 365 0 1168
00518 353 0 1140
00519 340 0 1078
00520 352 0 1111
00521 330 0 1076
00522 346 0 987
00523 338 0 1025
00524 312 0 979
00525 303 0 922
00526 272 0 934
00527 271 0 907
00528 296 0 854
00529 284 0 910
00530 263 0 904
00531 288 0 875
00532 266 0 943
00533 271 0 938
00534 289 0 899
00535 281 0 943
00536 272 0 934
00537 315 0 894
00538 286 0 936
00539 274 0 922
00540 302 0 868
00541 300 0 931
00542 276 0 925
00543 303 0 879
00544 295 0 931
00545 280 0 919
00546 321 0 867
00547 291 0 941
00548 303 0 910
00549 322 0 857
00550 295 0 916
00551 303 0 897
00552 333 0 863
00553 316 0 936
00554 298 0 927
00555 320 0 896
00556 300 0 958
00557 297 0 945
00558 301 0 890
00559 296 0 962
00560 287 0 964
00561 304 0 936
00562 283 0 1000
00563 260 0 966
00564 267 0 896
00565 236 0 902
00566 216 0 856
00567 232 0 790
00568 227 0 800
00569 235 0 775
00570 254 0 745
00571 259 0 818
00572 240 0 829
00573 289 0 807
00574 281 0 909
00575 284 0 909
00576 315 0 877
00577 307 0 972
00578 288 0 967
00579 319 0 916
00580 315 0 984
00581 306 0 993
00582 341 0 968
00583 344 0 1101
00584 345 0 1114
00585 353 0 1083
00586 361 0 1179
00587 363 0 1192
00588 363 0 1167
00589 358 0 1230
00590 350 0 1242
00591 395 0 1210
00592 373 0 1304
00593 380 0 1313
00594 384 0 1284
00595 380 0 1359
00596 382 0 1348
00597 367 0 1295
00598 358 0 1335
00599 343 0 1336
00600 343 0 1258
00601 335 0 1305
00602 309 0 1282
00603 305 0 1242
00604 286 0 1295
00605 268 0 1299
00606 238 0 1210
00607 248 0 1166
00608 269 0 1145
00609 279 0 1117
00610 300 0 1133
00611 296 0 1130
00612 328 0 1116
00613 320 0 1142
00614 350 0 1131
00615 350 0 1094
00616 347 0 1161
00617 348 0 1150
00618 357 0 1097
00619 356 0 1151
00620 341 0 1140
00621 375 0 1096
00622 363 0 1163
00623 356 0 1123
00624 380 0 1089
00625 381 0 1149
00626 387 0 1137
00627 401 0 1077
00628 374 0 1166
00629 386 0 1140
00630 378 0 1075
00631 381 0 1135
00632 347 0 1112
00633 370 0 1031
00634 368 0 1053
00635 346 0 1017
00636 356 0 942
00637 360 0 1010
00638 338 0 1003
00639 361 0 960
00640 355 0 1048
00641 329 0 1036
00642 370 0 987
00643 344 0 1056
00644 342 0 1031
00645 361 0 957
00646 342 0 1032
00647 340 0 1028
00648 360 0 975
00649 330 0 1015
00650 299 0 984
00651 287 0 909
00652 288 0 950
00653 280 0 942
00654 325 0 906
00655 328 0 974
00656 312 0 947
00657 334 0 868
00658 331 0 927
00659 321 0 919
00660 325 0 888
00661 330 0 978
00662 316 0 976
00663 352 0 935
00664 346 0 1016
00665 360 0 1021
00666 370 0 985
00667 365 0 1059
00668 353 0 1057
00669 361 0 997
00670 369 0 1064
00671 366 0 1049
00672 391 0 986
00673 379 0 1060
00674 365 0 1057
00675 395 0 1005
00676 353 0 1070
00677 361 0 1049
00678 380 0 994
00679 367 0 1062
00680 364 0 1042
00681 388 0 994
00682 372 0 1075
00683 362 0 1052
00684 366 0 984
00685 342 0 1036
00686 334 0 1005
00687 326 0 933
00688 324 0 985
00689 318 0 977
00690 318 0 927
00691 301 0 979
00692 278 0 968
00693 295 0 932
00694 303 0 984
00695 283 0 989
00696 315 0 969
00697 306 0 1042
00698 287 0 1029
00699 283 0 996
00700 276 0 1038
00701 272 0 1017
00702 255 0 970
00703 225 0 959
00704 238 0 897
00705 198 0 830
00706 168 0 750
00707 188 0 707
00708 179 0 655
00709 183 0 651
00710 198 0 642
00711 187 0 607
00712 175 0 605
00713 181 0 596
00714 171 0 576
00715 169 0 571
00716 170 0 566
00717 162 0 537
00718 163 0 535
00719 150 0 514
00720 130 0 489
00721 162 0 471
00722 132 0 463
00723 145 0 451
00724 141 0 452
00725 145 0 457
00726 144 0 445
00727 153 0 450
00728 152 0 452
00729 138 0 449
00730 148 0 456
00731 146 0 465
00732 165 0 458
00733 154 0 458
00734 149 0 462
00735 146 0 452
00736 148 0 461
00737 147 0 458
00738 149 0 453
00739 139 0 440
00740 128 0 429
00741 181 0 413
00742 159 0 494
00743 152 0 491
00744 204 0 477
00745 212 0 582
00746 202 0 582
00747 260 0 563
00748 261 0 666
00749 243 0 650
00750 291 0 607
00751 264 0 703
00752 253 0 689
00753 268 0 655
00754 251 0 700
00755 259 0 682
00756 276 0 635
00757 250 0 696
00758 254 0 690
00759 273 0 650
00760 260 0 728
00761 260 0 715
00762 253 0 683
00763 284 0 758
00764 247 0 748
00765 268 0 700
00766 254 0 736
00767 230 0 725
00768 226 0 687
00769 228 0 740
00770 219 0 732
00771 206 0 699
00772 204 0 724
00773 184 0 719
00774 163 0 682
00775 145 0 672
00776 172 0 615
00777 164 0 571
00778 156 0 568
00779 152 0 558
00780 149 0 543
00781 146 0 552
00782 139 0 553
00783 145 0 543
00784 135 0 547
00785 134 0 534
00786 130 0 511
00787 119 0 501
00788 111 0 498
00789 151 0 425
00790 149 0 420
00791 134 0 419
00792 123 0 403
00793 129 0 420
00794 117 0 410
00795 121 0 403
00796 126 0 389
00797 129 0 373
00798 106 0 360
00799 100 0 346
00800 99 0 336
00801 103 0 327
00802 95 0 321
00803 98 0 310
00804 91 0 301
00805 84 0 295
00806 90 0 292
00807 92 0 282
00808 81 0 267
