200 1.00025
201 0.996909
202 0.994732
203 0.99736
204 0.995333
205 0.986894
206 0.994905
207 0.998353
208 1.00218
209 1.00225
210 0.998494
211 0.999768
212 0.999365
213 0.995432
214 0.995205
215 0.994507
216 0.996027
217 0.998262
218 1.01548
219 1.01711
220 1.0203
221 1.01537
222 1.01025
223 1.01217
224 1.01453
225 1.01793
226 1.01716
227 1.01101
228 1.0029
229 0.997844
230 0.996458
231 0.993733
232 0.998902
233 1.00118
234 1.00084
235 0.998148
236 0.998555
237 0.995648
238 0.993309
239 0.996293
240 0.993569
241 0.981104
242 0.985147
243 0.991107
244 0.995694
245 1.00069
246 1.00012
247 0.998562
248 1.00094
249 1.0056
250 1.00463
251 1.0081
252 1.00308
253 0.994905
254 0.99902
255 0.996931
256 0.992587
257 0.993776
258 0.989031
259 0.990026
260 0.993011
261 0.996177
262 0.991046
263 0.994091
264 0.994137
265 0.99716
266 0.994778
267 0.997697
268 1.00182
269 1.00079
270 1.0075
271 1.00696
272 1.0021
273 1.00494
274 1.00719
275 0.996262
276 0.999115
277 0.998665
278 0.994054
279 0.995053
280 0.987556
281 0.992392
282 0.991874
283 0.990141
284 0.997017
285 1.00767
286 1.01309
287 1.01234
288 1.01432
289 1.01757
290 1.01554
291 1.02062
292 1.01566
293 1.01789
294 1.02263
295 1.02366
296 1.0235
297 1.02761
298 1.02572
299 1.02657
300 1.02042
301 1.02024
302 1.01977
303 1.02231
304 1.02549
305 1.02081
306 1.02021
307 1.00961
308 1.00033
309 0.998896
310 0.999138
311 0.995701
312 0.989771
313 0.978331
314 0.977039
315 0.966785
316 0.9712
317 0.989114
318 1.00554
319 1.01603
320 1.03101
321 1.03045
322 1.01853
323 1.02319
324 1.02042
325 1.01879
326 1.01821
327 1.02232
328 1.01917
329 1.01962
330 1.0191
331 1.01653
332 1.01283
333 1.00859
334 1.00317
335 1.00168
336 0.996837
337 0.995789
338 0.993511
339 0.992937
340 0.994878
341 0.99305
342 0.993592
343 0.995031
344 0.996595
345 0.998373
346 0.996886
347 0.993022
348 0.99497
349 0.995625
350 0.993261
351 0.992968
352 0.992452
353 0.991076
354 0.989682
355 0.988231
356 0.988738
357 0.990377
358 0.988875
359 0.987601
360 0.988942
361 0.987084
362 0.986006
363 0.983828
364 0.983738
365 0.991443
366 0.998332
367 0.99904
368 0.9981
369 1.00391
370 1.00303
371 1.00193
372 1.00292
373 1.00004
374 1.00373
375 1.00231
376 1.00883
377 1.00731
378 1.00891
379 1.00937
380 1.00912
381 1.01212
382 1.01135
383 1.01087
384 1.01472
385 1.0132
386 1.01112
387 1.00884
388 1.00699
389 1.01351
390 1.01087
391 1.01341
392 1.00991
393 1.01663
394 1.00504
395 1.01048
396 1.01168
397 1.01212
398 1.01103
399 1.0146
400 1.02198
401 1.01988
402 1.01805
403 1.01442
404 1.01401
405 1.01024
406 0.999681
407 0.99571
408 0.987849
409 0.987145
410 0.984151
411 0.985556
412 0.986524
413 0.980412
414 0.981683
415 0.983416
416 0.978268
417 0.978831
418 0.965226
419 0.955721
420 0.947881
421 0.933281
422 0.925274
423 0.916972
424 0.913288
425 0.924524
426 0.948643
427 0.985349
428 1.00541
429 1.01825
430 1.02381
431 1.02815
432 1.03938
433 1.03246
434 1.02304
435 1.02704
436 1.02674
437 1.01812
438 1.01765
439 1.01615
440 1.01321
441 1.01138
442 1.01068
443 1.01
444 1.00841
445 1.00778
446 1.00472
447 0.999776
448 0.998743
449 1.00072
450 0.994501
451 1.00613
452 1.00205
453 0.999153
454 0.997209
455 1.0003
456 1.00177
457 1.00124
458 0.995814
459 0.99642
460 0.998139
461 0.998876
462 1.00435
463 1.00779
464 1.00832
465 1.01283
466 1.00979
467 1.01085
468 1.00631
469 1.00658
470 1.00246
471 1.00028
472 0.997093
473 1.00093
474 1.00122
475 1.00062
476 1.0012
477 1.00168
478 0.996113
479 0.986461
480 0.976709
481 0.97085
482 0.973655
483 0.985624
484 0.984711
485 0.988976
486 0.988182
487 0.99082
488 0.985601
489 0.987968
490 0.990717
491 0.989564
492 0.991641
493 0.994178
494 0.989856
495 0.990248
496 0.985747
497 0.986313
498 0.987792
499 0.986141
500 0.980864
501 0.981018
502 0.981109
503 0.98278
504 0.987785
505 0.991784
506 0.994952
507 0.997528
508 0.996619
509 0.998573
510 1.00053
511 0.998779
512 0.996245
513 1.00003
514 0.999596
515 0.997898
516 0.999067
517 1.0023
518 1.00176
519 0.999374
520 1.00477
521 1.00516
522 1.0051
523 1.00439
524 1.00111
525 1.00196
526 1.00085
527 1.0016
528 1.00584
529 1.00518
530 1.00186
531 1.00247
532 1.00224
533 1.0006
534 1.00166
535 1.0034
536 0.999627
537 1.00526
538 1.00738
539 1.00552
540 1.00339
541 1.00223
542 0.996981
543 0.992978
544 0.98774
545 0.986814
546 0.979022
547 0.978161
548 0.978249
549 0.976778
550 0.977303
551 0.978698
552 0.980952
553 0.978013
554 0.977274
555 0.976583
556 0.975051
557 0.983813
558 0.987259
559 0.985465
560 0.979609
561 0.978137
562 0.980148
563 0.969114
564 0.974084
565 0.972886
566 0.977195
567 0.984564
568 0.986767
569 0.990196
570 0.992173
571 0.993788
572 0.993167
573 0.993021
574 0.993002
575 0.99482
576 0.997351
577 0.998117
578 0.999461
579 0.997899
580 0.996681
581 0.994726
582 0.995386
583 0.994513
584 0.990778
585 0.988631
586 0.988356
587 0.991442
588 0.99107
589 0.99084
590 0.995241
591 0.994586
592 0.995484
593 0.993747
594 0.996525
595 0.998358
596 0.995682
597 0.987243
598 0.983627
599 0.974903
600 0.974969
601 0.970581
602 0.963731
603 0.954132
604 0.952835
605 0.975341
606 1.00347
607 0.996234
608 0.998086
609 1.00316
610 1.00086
611 0.996589
612 0.994169
613 0.993874
614 0.993695
615 0.995765
616 0.995109
617 0.995525
618 0.997057
619 0.997772
620 0.999585
621 0.997826
622 0.998169
623 0.998905
624 0.999123
625 0.999034
626 0.99789
627 0.996183
628 0.994461
629 0.99412
630 0.993338
631 0.991567
632 0.990058
633 0.98854
634 0.988937
635 0.991452
636 0.990193
637 0.990126
638 0.989958
639 0.992002
640 0.993295
641 0.995464
642 0.99695
643 0.996883
644 0.995209
645 0.991728
646 0.987009
647 0.982691
648 0.979163
649 0.989295
650 0.993983
651 0.998514
652 0.998377
653 0.993085
654 0.994402
655 0.995266
656 0.997275
657 0.997235
658 0.99552
659 0.997925
660 1.00357
661 1.00304
662 1.00136
663 1.00654
664 1.00545
665 1.00184
666 1.00247
667 1.00466
668 1.00372
669 1.0056
670 1.00433
671 1.00596
672 1.00483
673 1.0049
674 1.00344
675 1.00172
676 1.00178
677 1.00114
678 0.99898
679 0.99705
680 0.99831
681 1.00229
682 1.00048
683 0.995863
684 0.996718
685 0.995816
686 0.995319
687 0.996345
688 0.991971
689 0.984673
690 0.978801
691 0.962327
692 0.969201
693 0.970017
694 0.970508
695 0.96546
696 0.95836
697 0.949915
698 0.945501
699 0.943228
700 0.940077
701 0.936083
702 0.935527
703 0.929176
704 0.93324
705 0.922899
706 0.969002
707 0.990512
708 1.00384
709 0.987482
710 0.980533
711 0.978453
712 0.973088
713 0.966192
714 0.966092
715 0.957164
716 0.95068
717 0.961582
718 0.960506
719 0.96435
720 0.976497
721 0.986443
722 0.989088
723 0.994975
724 0.996839
725 0.99502
726 0.996138
727 0.998453
728 0.997887
729 0.998987
730 0.998365
731 0.997092
732 0.999979
733 0.998776
734 0.998179
735 0.995533
736 0.996561
737 0.994563
738 0.995033
739 0.993324
740 0.991903
741 0.995428
742 0.996121
743 0.994483
744 0.99324
745 0.993236
746 0.990755
747 0.990627
748 0.989662
749 0.987919
750 0.985949
751 0.98525
752 0.98471
753 0.984133
754 0.985478
755 0.983573
756 0.986372
757 0.986955
758 0.986704
759 0.98472
760 0.980564
761 0.978366
762 0.978787
763 0.972338
764 0.969531
765 0.967887
766 0.968569
767 0.972942
768 0.976638
769 0.969924
770 0.975273
771 0.977663
772 0.967683
773 0.936041
774 0.923162
775 0.927053
776 0.964588
777 0.975084
778 0.973561
779 0.971794
780 0.967989
781 0.963696
782 0.955949
783 0.947048
784 0.933518
785 0.923681
786 0.9035
787 0.902329
788 0.919446
789 1.02472
790 1.01554
791 1.01313
792 1.01021
793 1.00138
794 0.995604
795 0.985939
796 0.994374
797 0.993256
798 0.989243
799 0.991732
800 0.998953
801 0.997698
802 1.0064
803 1.00004
804 0.999622
805 1.00755
806 1.00309
807 1.00541
808 1.00377
