-2.21052 0.581022
-0.32715 -0.746467
-0.199904 -0.469369
-0.874686 0.534747
0.892099 1.9551
1.30452 0.403039
1.8696 0.353037
-1.07863 4.6469
-2.21113 3.36627
-1.84198 1.33951
0.203143 1.51221
1.23639 2.59415
1.09621 2.96461
-2.44444 -0.0981065
-1.07468 0.150795
-2.71241 1.90904
-2.61467 2.35249
-1.98745 2.73936
1.62495 0.568499
2.31593 -0.546273
-5.70116 4.06103
-0.461415 4.81874
0.222928 -0.231551
1.54747 2.45053
1.49434 0.926166
0.0405386 3.16125
-0.475705 0.60819
0.204602 2.45475
-1.99753 2.71994
1.57227 1.35709
0.736079 0.202642
0.139121 2.55134
1.55731 2.21146
1.36824 0.694166
1.63096 3.32749
1.96948 1.48925
1.85819 0.888682
0.289408 1.56756
0.177821 4.31607
-0.449138 -0.00202225
0.21771 2.23755
2.07367 1.40585
2.35776 0.045977
-2.19837 3.5381
2.07746 1.15987
3.45307 3.7117
2.18036 1.09302
0.759822 -0.267526
0.00622984 5.12576
0.244749 3.5656
0.699017 1.81131
3.11589 4.41495
0.478132 1.6351
-2.64657 -0.00289084
-0.739437 -0.109368
-1.46798 -0.214971
-1.31429 0.759987
-2.25816 -0.266534
-0.353552 0.970328
0.276713 -0.378
-0.512956 -0.674095
-2.15881 1.19558
-1.44544 1.95846
0.106067 1.07854
0.0400647 2.13697
-1.32983 0.0524737
-0.566758 -0.388663
-2.67563 2.05112
-5.22798 -3.06139
-0.0971162 0.960204
-0.59571 0.330245
-1.89045 1.3912
0.466291 1.6477
-1.8582 0.94318
-2.6131 2.07182
-0.185873 1.16205
-1.28081 1.09232
0.707819 -0.272555
-1.47083 0.643295
-1.1608 1.74015
0.528059 -0.0380077
-4.25302 1.64654
-1.70976 -0.134965
0.395823 0.0323624
-1.29314 0.465622
-1.02472 1.38029
-0.0132136 0.406648
-1.35295 -0.0441857
-2.22216 0.138336
-0.0624982 -0.590397
0.14625 0.51419
1.75404 0.821378
-0.284953 1.03373
-2.31487 1.93191
2.32858 0.900141
-1.27434 1.67668
-1.04298 1.9997
-0.71294 2.01885
-0.376292 1.09627
2.23984 1.49753
-0.851398 0.712733
-1.59005 -0.566961
-1.27097 -1.20475
-2.09638 -0.386612
-2.49142 -1.04146
0.64619 -1.08835
0.444343 -1.40252
0.160877 -1.51271
-1.31094 -0.341561
-0.261107 0.633454
0.0960676 -1.06367
0.536795 -0.389984
0.194194 -2.17561
-1.46613 -1.7686
3.15981 -0.811397
-0.895528 0.27315
-2.51561 -3.24452
0.778249 -2.13611
0.837626 -1.9336
0.00738092 -1.11718
0.230313 0.351964
0.631669 -0.621186
-0.742513 -1.29195
-1.92402 -1.01361
-0.0966951 -2.04263
-0.116279 -0.2876
-0.869531 -0.307633
0.529694 -0.554291
-0.862377 -1.82111
0.291829 0.0535184
-0.88882 -0.496002
0.316906 0.485865
-0.787444 -0.64421
0.338094 -1.75824
-3.2898 1.57837
0.642296 -1.35582
-1.85169 -0.609553
1.35596 -1.49462
1.11864 -2.5396
2.00331 -2.20785
1.04038 -2.15086
-0.839457 0.292069
1.07007 0.164218
-0.931148 -0.560059
1.80486 -1.50778
-1.02908 -1.28232
-0.273173 -1.22421
-1.24329 0.128672
0.925746 -1.77214
1.58903 -2.01706
3.85125 -3.03496
0.437929 1.33843
-0.284777 1.07977
0.657872 2.00818
1.57778 0.677401
2.18837 1.16572
-0.205669 -1.1205
-1.60027 -2.05188
-0.985474 -0.396436
2.27829 -1.73244
2.09924 0.61809
1.76406 0.360233
1.92984 0.439919
0.910618 -1.25601
-0.0978394 -0.604685
-0.758188 0.680518
7.75515 -1.70867
1.92273 -0.0508204
1.69317 -2.066
-0.537151 -1.98112
0.540345 0.703294
-1.09156 -2.17861
0.444697 -1.20643
2.08393 1.52346
0.730101 0.940515
-1.07483 -2.1486
1.44917 -0.978087
2.40074 -0.494046
1.5142 -2.30367
0.627855 -0.337617
0.069077 0.411639
1.27804 0.765324
1.16626 1.43174
1.89915 -0.0692921
1.41136 -0.822694
0.552289 -0.0490764
1.2656 1.75729
1.36981 -0.98761
1.76633 -1.06637
0.08208 1.54344
1.03766 -1.13984
2.23489 -3.72831
3.45274 -0.810591
-0.679888 -1.27851
0.194856 -0.257713
0.830702 -1.02126
1.10584 0.907405
1.86975 -0.873857
2.3182 0.256336
0.135917 1.13567
-0.0171926 1.03172
0.536223 1.68229
1.67003 0.857396
0.0311538 -0.887408
-0.0517623 0.839178
0.264137 -1.1609
-1.03963 -0.321112
-0.143115 -3.64718
0.57541 1.83204
0.826179 2.00931
0.304431 1.87167
0.741542 -1.55323
0.0572492 1.81666
0.130563 0.341706
0.0720364 -0.26574
0.746984 -0.419947
-0.0553602 1.44433
-1.39381 -0.401273
1.10945 -0.399038
-0.778574 0.8643
0.0171799 1.81393
-1.10066 1.13135
1.51686 0.444371
0.371494 1.0472
-0.115353 -1.18182
0.794137 0.680971
0.478487 1.81124
0.778915 -1.22822
0.895396 1.33989
-0.471027 -1.2635
-1.85604 0.968308
-0.333438 1.08889
-0.420579 1.03063
0.322649 -0.322485
2.95749 0.0138805
2.41281 -0.0170575
2.66475 1.55055
-0.42026 1.13582
-1.58307 0.283116
2.81567 -0.0902288
-0.137125 1.7531
0.698981 -0.0396696
-0.915145 0.831417
-0.683297 2.74487
-0.867829 -2.0848
0.883655 0.510863
-4.78051 -3.87686
-2.95969 -3.4194
-6.80092 -4.06369
-2.98622 -2.10056
-1.35304 -3.69223
-1.38516 -0.15103
-2.81086 -0.0718694
-0.637126 -0.609656
-0.151169 -2.95058
0.639074 -2.62493
-3.26078 0.363928
-6.28 -4.30817
-2.39187 -0.50988
-0.859494 -1.81061
-1.3642 -4.10414
-0.51238 -2.43476
-1.84296 -3.29201
-0.361744 -2.92003
-1.42057 -2.96334
-0.344819 -2.7224
-1.40545 -3.89644
-3.99557 -2.22854
-2.1929 -3.50108
-4.85224 -0.730072
-0.61444 -1.25113
-0.724983 -5.06773
-5.73436 -0.0811824
-2.59163 -2.57479
-0.46177 -3.04513
-0.636099 -3.04961
-1.61359 -4.09335
-1.22951 -3.05783
-1.29725 -2.85838
-0.0343974 -4.45016
-1.56407 -3.5735
-0.106319 -2.88496
-1.1786 -5.01365
-2.96344 -1.50915
-1.00374 -3.20211
-1.70777 -3.92704
-1.22336 -4.48262
-0.146904 -3.29312
0.514929 -1.97362
-0.942828 -3.78394
0.321866 -4.78412
-1.98397 -3.97255
-0.939896 -2.88091
-0.881483 -1.78896
-1.15583 -2.25666
-1.243 -2.41529
-0.815451 -3.69684
-1.47661 -1.34251
1.07218 0.803071
0.0254903 -1.40679
0.675075 -0.698937
-0.218372 2.79734
1.93662 -3.91347
-0.517261 1.06433
-1.3466 0.392367
-0.158891 -0.0646909
-0.779374 0.596965
0.953171 0.135258
0.329844 1.49736
-2.0525 -1.99555
-1.93014 1.10887
-0.153906 -1.25838
-0.905031 -1.89058
-2.78582 -0.790895
-1.10208 0.423307
-4.45735 -5.47502
-2.04246 0.408762
-0.840593 2.73031
0.581543 -0.900943
0.694942 0.483758
-0.451824 -0.0171295
0.811284 0.826323
-0.397125 -0.683544
-2.10189 0.423527
-0.034383 -0.387247
-0.836862 -0.478895
-0.282366 0.284635
-0.917683 0.386379
0.383405 0.168515
0.364177 -1.81637
-0.325599 0.308794
-0.5275 0.246106
0.408996 -1.22148
-0.644467 0.3051
1.06012 -0.501186
-0.561879 -1.15659
0.626713 -0.0506305
-1.7228 -1.59828
-2.25564 0.884545
0.188177 -0.168706
1.35109 -0.197837
0.762572 -0.0883504
-1.18402 2.96576
-1.0495 1.37334
0.492885 0.54145
-1.102 1.16643
-1.18799 1.47153
-0.192441 1.91511
0.617759 1.22506
-1.1778 -0.690931
-0.0430596 1.09772
0.487177 0.558175
-0.2327 0.657291
-0.33263 0.742772
0.612359 2.12471
0.568181 0.54405
0.629891 2.10399
1.12867 1.50684
-0.486568 0.681739
1.43967 2.04417
-0.0090406 0.752501
0.776394 2.00961
1.24684 2.33973
1.02408 1.28889
-2.09268 -4.24297
-0.898778 1.66528
0.349276 1.48619
0.0606932 1.39842
0.0796644 1.05114
0.0107159 2.51941
0.452089 2.35675
-0.341136 1.39715
-0.743756 -0.535949
0.0381224 1.79443
-0.875677 2.03608
0.650626 1.42262
0.85989 1.74959
-0.494167 1.74099
0.219563 2.31951
0.345394 0.934422
0.415761 2.23476
-1.03363 2.33112
0.448481 1.72684
0.291803 1.62925
-0.904068 1.79559
0.703736 2.18267
-0.459095 1.04148
-0.476979 2.02631
-0.676814 1.84501
1.11944 0.977486
-1.82379 2.83384
-0.301309 0.310358
-1.90557 -1.75407
-0.480333 0.941674
0.792264 2.54952
-0.0456737 1.88826
0.1739 2.02152
1.44622 2.29357
0.55134 2.29968
-1.1197 3.46869
-2.72003 0.611888
1.08616 2.75807
-1.41543 -0.368984
-1.05354 3.73663
0.491503 3.12334
-1.4117 1.257
-0.292726 1.92867
-2.09939 -0.547725
-0.152601 1.47135
0.546159 0.465499
0.654119 1.73733
-1.40449 -2.96955
0.253418 -1.42137
0.323385 -3.58316
1.39126 -1.34275
0.974212 -1.94175
0.38062 -2.50078
0.972324 -1.61046
-0.845774 -1.30339
-0.912573 -3.08098
-0.623357 -1.14386
-0.353828 -1.98618
0.0541449 -2.6123
-1.01592 -1.00599
-0.680767 -1.0579
3.35973 -3.71397
-0.874933 -2.82581
-0.95594 -3.66193
-0.676436 -3.40841
1.01957 -1.34866
1.15894 -0.988398
-0.263502 -2.30121
-1.59155 -0.770325
-0.784792 -1.59458
0.293927 0.310947
0.359137 -2.03571
0.0909211 -0.0758127
-0.617587 -1.59282
0.529167 -2.37042
0.318653 -2.76764
-0.70281 -1.36742
-0.917566 -1.45317
-0.216263 -2.0388
-0.182209 -1.4108
-1.01789 -1.95562
-0.389047 -1.35284
1.36053 -2.39067
-0.684907 -1.02017
0.608361 -3.06032
-1.52905 -0.985962
-0.830518 -2.66222
-2.25014 -0.720976
0.155131 -1.71444
1.39722 -1.36396
0.706893 -1.56819
-1.05281 -1.25392
-0.887681 -0.487251
0.47042 -1.00799
-0.826318 -0.611096
-1.05007 -0.257794
-1.43015 -2.54225
-0.114372 -2.63158
-2.36658 0.0729985
-1.29801 -3.42887
-1.6476 -2.45078
0.610834 -1.16626
1.46764 1.61131
0.324233 0.379468
0.377607 1.08466
1.13337 -1.74937
-0.504591 1.70438
1.5546 2.49305
0.674166 -0.00666055
0.917739 1.08589
0.385143 3.08823
1.7472 3.01535
0.54334 1.68464
1.04023 1.71783
0.784251 2.34494
0.707316 3.25902
5.60381 -1.02273
0.278601 0.935593
1.3699 0.455528
0.422233 1.78927
0.863249 2.33761
1.08451 0.137817
0.0519898 0.156389
1.42514 1.39392
1.4506 1.80744
-0.0760962 1.64426
0.296941 2.03449
2.70868 4.34157
1.65693 4.698
0.305448 1.73522
-2.3289 1.41804
-0.478922 1.59789
0.708865 1.54465
0.230382 1.81482
-0.360165 0.718063
0.00445035 0.0818728
0.361878 0.573422
2.10049 1.20648
1.79022 2.02748
-1.03646 0.713826
1.02882 3.17851
-0.688433 0.974072
-1.3589 2.54982
0.710321 0.458019
0.210724 2.88958
0.531565 -0.869258
-0.142108 0.246588
2.00566 2.8999
-0.564633 3.43354
-2.29559 0.557294
-1.08159 1.20527
0.179806 0.966307
-0.492204 1.39884
0.210518 1.99991
-1.347 -1.27506
-1.18676 -1.00853
0.400531 0.702406
0.567286 1.80585
2.36877 1.34703
-8.88585 -17.8622
4.10271 9.8622
-5.61183 -7.79875
-1.7363 2.47593
1.53296 1.68564
0.379848 -0.179704
5.86536 12.5975
-5.2838 -6.7178
-4.64905 -12.7883
1.32444 4.64436
-8.06741 -17.2038
0.0194261 2.17624
-9.13901 -17.9321
-3.46152 -2.83943
-1.0851 -6.51349
-6.48937 -8.31188
-0.244576 3.74064
-6.19185 -7.99317
-2.91426 -4.38025
-6.48132 -9.03036
0.563312 1.13134
-2.95455 -3.83928
4.3655 7.54239
6.58482 19.1258
-2.14705 3.2495
-2.98506 -5.93327
7.16685 15.491
0.574663 3.41468
-0.808027 2.7266
2.53466 7.70665
5.47236 6.62144
4.9524 12.6881
-8.74138 -9.97986
-3.93753 -10.2544
2.38908 7.90719
2.34944 6.54671
4.76821 13.7151
14.4932 32.6532
-1.67376 -3.08081
-1.53534 -0.642634
-1.35296 -0.970832
7.60981 -3.08127
-0.906491 -1.7585
-0.888274 -1.8302
-3.22142 -1.99155
-0.0888341 -1.42769
-1.36395 -6.51208
-4.87117 -5.17837
-4.27579 3.76734
-1.07682 -1.32232
-0.345021 1.52212
-0.422938 3.27176
-0.98651 -0.0785157
0.530146 -0.718483
4.21519 -3.19631
-1.60657 -5.04157
5.12604 2.4517
-0.604601 -4.63971
8.08232 -1.41432
7.11755 -6.25416
-0.837335 -1.21615
0.844409 -0.524764
2.62331 -1.67543
-11.7359 -10.8618
-10.7291 -6.14093
-2.63958 -2.32434
-0.967801 -2.45499
-3.82843 -3.15957
-2.90196 0.469572
-5.52343 -0.448963
-3.35454 0.828076
-2.1162 -0.530449
0.429112 -1.45419
-2.73971 -3.59844
7.41409 -0.997605
-12.7168 -10.5425
-9.11627 -8.11152
5.41866 -10.4328
-0.49216 -1.2906
2.01397 -7.0162
-2.83263 -2.64896
12.3537 -13.7545
9.4887 -1.97389
-2.137 -8.1689
-5.81253 3.10157
6.40587 6.33216
-16.0826 -1.69951
-1.01895 -1.79713
-0.419088 -2.06395
-1.76029 -6.06323
0.299336 -2.3361
-1.26704 -0.232481
5.5554 8.07423
2.81945 4.43727
-1.81071 -2.26951
-0.526903 -1.9348
10.266 13.0194
-2.15698 2.43427
1.40065 -6.09846
-2.01467 -2.51067
-0.81857 -1.67742
-0.99273 -1.4085
-0.147614 -0.777606
-0.176135 -0.800078
-1.1732 -7.47017
0.282881 -1.56815
-2.81864 -4.71671
-1.83978 -2.74752
-3.25898 3.944
1.48665 -6.72632
-2.91123 -3.64723
0.315779 -1.07691
3.1161 -2.33923
10.0912 -6.9852
-1.76917 4.35558
-2.49506 -5.44168
-2.04413 -5.01459
-3.64938 -2.21228
-2.96528 -0.870023
-2.25957 -8.79125
-2.39451 -7.91346
-1.50555 -0.130771
-0.995004 -1.78094
-0.294495 -0.719051
-0.0992188 -5.29849
0.431872 -1.50892
0.18085 2.00609
-0.852251 -1.73235
-4.09493 -3.56121
2.85427 4.54909
-8.04918 3.01157
2.48875 -6.34266
1.56587 -0.0535559
-0.803069 -1.41032
-0.905898 -1.38847
-0.606704 -4.21616
0.246204 -1.38599
0.439577 -2.85693
-0.298403 -1.40766
0.622714 -0.670244
-1.34684 -0.540106
4.04714 -1.79607
0.254247 -1.83717
-1.27324 0.430387
-2.68903 -12.4272
-0.981712 -6.17896
-17.0871 -2.08328
-0.753421 -2.40973
6.68598 5.15423
8.07246 -1.63486
-1.40266 -1.74935
-1.05923 6.25714
-1.6982 -2.01269
-1.49195 -3.52654
-2.28844 -0.286869
-0.901966 -1.79812
-2.55426 -0.690222
-0.0846906 -1.22733
-1.5455 3.12404
-1.83784 2.31558
-0.501319 0.269553
-2.86197 1.47258
0.0152476 -0.469859
-0.643747 1.29331
0.716287 2.24051
-0.757661 -9.71345
0.1746 -1.01683
-1.01033 -3.44718
-1.17383 -1.84558
-0.420896 -1.78957
-3.11438 -0.99635
-5.12677 1.09434
3.2114 -8.5335
0.378118 0.204274
-3.35192 -2.40293
-0.91198 -1.382
0.602591 -3.14017
-0.0226181 -1.4158
-0.286534 -1.87578
-17.3066 0.666262
-8.11314 -0.794648
-4.70579 -3.84508
-5.56289 6.8641
-1.07267 -1.44546
0.36478 -0.270683
-3.68141 -11.4712
-2.41868 -12.1983
-2.0329 -5.81899
3.24381 4.57751
3.54383 -7.10158
0.985809 -23.0199
-4.20291 -3.25351
1.82709 -1.9673
0.314116 -1.06127
1.31613 -1.01609
7.2199 -2.20829
3.03643 -1.17862
-0.607602 -0.428345
-5.0217 5.60947
-0.8752 -0.535202
-1.4271 -2.01189
-7.84836 2.75244
-2.14767 -3.55258
-2.40549 -1.79456
-2.05894 -0.447079
0.586343 -0.931462
0.844368 -1.38571
-2.00959 -1.4082
-2.15381 -1.76808
-2.67864 0.0575195
-4.01652 -5.57269
0.354543 -2.95941
-2.84321 -0.677755
-2.68495 -4.36688
-0.968583 -2.22678
0.832689 -0.137123
-8.22197 0.61684
3.61475 3.33456
-2.30255 -2.47171
1.77431 -0.0137495
2.63659 2.43855
-1.61761 -0.815356
0.99965 -1.44622
7.11792 -0.00179247
-2.10947 -11.9025
-0.656692 -3.29691
1.3706 -2.48462
0.127753 -0.273205
-0.7685 -1.22236
1.58132 1.0088
-7.11569 -24.2438
-0.191713 -3.63316
0.244524 -0.398138
0.251334 -7.81793
7.91667 -8.36709
-0.999848 -1.67812
-9.12028 2.13589
-0.519884 -4.9014
-1.02688 -3.84683
1.51045 -1.14007
-1.71665 -1.4064
0.929975 -0.93475
-6.23305 -4.63528
-6.33182 4.7088
-3.13035 -4.86916
0.184541 -2.66058
-0.238234 0.118256
-0.0937731 -2.25487
-2.21857 -0.838817
-2.64572 -4.72964
0.225334 -0.33301
-2.54422 2.59791
0.864095 5.0328
-4.42326 1.11983
-1.88341 -4.12152
1.24778 -0.128286
0.97457 1.55063
-0.578874 -1.51357
6.37455 -3.35005
1.6143 4.54946
2.23219 -2.08785
-1.83007 4.5378
-1.01181 0.0763388
-0.588898 -2.0902
-6.95986 3.91993
-1.5453 -3.76515
-2.16829 0.703635
-1.12852 -3.87883
-4.6357 -4.1878
-0.946784 -2.15312
-1.00669 -1.58524
-0.96528 -2.20883
0.720286 -3.83953
0.0972822 0.766903
-4.23442 -0.882136
-1.2793 -0.514439
-0.897761 -1.66421
0.218373 5.23752
-4.1322 0.147712
-3.7393 -2.68529
0.26905 -0.822662
-18.58 -2.00154
6.97425 5.71323
1.17886 -1.66055
0.35089 -0.931638
1.56335 3.67478
1.66346 -1.80996
3.71741 -0.594901
-0.972066 -4.4783
-1.27533 -1.94067
1.45643 3.05401
-3.14852 4.59868
-1.36873 0.823419
-0.0415499 -2.13678
-1.23434 -3.97905
-1.7214 1.15179
-1.11037 -1.4223
-1.77188 -1.38374
-1.2917 -1.88081
-0.981072 -1.5924
0.225954 -1.83813
-0.616448 -5.09912
-1.28919 -1.12346
-3.77136 -1.33692
-4.78262 -1.839
-14.7737 -0.265651
-15.3051 -5.59296
-5.41809 3.69164
1.63223 -1.78127
0.45099 -0.93376
1.04807 -1.78135
3.31867 -0.562573
4.12822 -4.62678
6.7909 4.26219
-1.23587 -7.98711
-0.111647 -1.91317
5.94372 23.5252
-13.6406 12.5614
0.544838 -0.953176
2.05262 3.05524
-5.10351 1.26291
-2.97504 -4.2636
2.36308 -1.40842
-1.19297 1.92259
0.687995 -0.112133
-1.57923 0.257537
-2.24285 -0.623263
-1.14086 -0.750871
-0.802748 -2.78373
-7.21942 -10.9721
-0.509658 -0.00445516
-3.60902 -2.5082
2.4214 -2.24519
-1.78013 -0.296507
-1.36393 -4.62655
-0.425163 -2.39021
2.87264 -5.19477
-3.26105 -0.804424
-2.04142 1.0648
0.588067 -0.688465
13.4435 6.74549
-2.743 -3.25221
-7.20376 -6.7726
-2.03412 -1.30255
-4.09115 0.160347
-1.56165 -2.28112
-1.57744 0.0600881
-2.4132 -2.08515
-1.90777 -1.63095
0.370643 -4.18986
3.05735 -3.53503
-2.80188 -2.84179
-1.63297 -1.32299
-1.29794 -1.2318
-7.26078 -15.0289
-7.32286 2.5646
4.41859 3.60325
-3.86717 -2.9483
-2.89857 -3.06919
-2.59811 -0.646811
-1.11973 -1.49755
-1.90667 0.180277
-0.600913 -1.48284
-1.07168 -1.06573
-3.35711 -11.6408
-0.651895 -1.34094
-1.42167 1.4855
-2.28825 -1.12256
-0.575794 0.251006
-0.589825 0.20833
-2.52989 -2.83344
-2.61956 0.678601
-0.227924 -0.515201
-0.55712 -0.735964
-1.75619 0.0598244
-0.820926 -0.0765043
-1.90812 -2.74766
-8.6265 -3.78619
-3.8055 1.40731
-2.54825 -4.35497
-12.283 13.1644
-1.25704 -1.28797
-0.231136 -1.93543
-1.90452 0.297374
-2.18814 -0.535142
-1.82193 -2.0604
-8.3613 -3.36441
-4.66533 -4.78546
-2.07463 -4.20909
-1.04921 0.707524
0.0227973 -1.06168
-0.956628 0.669832
-0.748812 -2.29085
-1.13239 -1.37085
-1.60473 1.22605
-0.209872 0.298562
-1.67409 0.967699
-5.90729 -5.07129
-3.00753 -4.22446
-7.77514 -2.15694
0.105689 -1.74546
0.323954 -2.01456
-0.38125 1.21863
-0.576709 0.243579
3.12955 -2.7761
-0.836292 -1.14205
-0.819211 -1.4467
-0.422151 -2.45964
-3.22783 -4.83739
1.7165 -5.02072
-8.94159 -3.01554
-2.06483 -1.27574
-7.8516 12.7697
-1.48527 -0.953625
-3.6047 -3.63395
-2.95609 0.693524
0.739636 -2.53468
-6.10679 3.52579
-1.04531 -0.77548
-1.54643 -1.10775
-2.45739 -0.0302245
-1.96011 -2.1803
-1.12184 0.0839433
15.2706 17.026
-3.59536 0.989741
-3.79 -1.36331
-18.4988 -3.21594
-7.49245 -2.48991
-3.3245 -2.60489
-1.34631 2.30821
-1.19824 -0.843716
-0.811258 -3.20608
-1.50294 -2.03448
-1.23469 -0.481126
-2.22277 -0.477288
-0.569652 0.180959
-6.07029 -5.41547
-1.06944 0.157128
-1.7873 -2.23293
-0.62387 -1.19952
-3.37282 1.97355
-2.72811 0.588142
-0.0724453 -0.216027
-1.26767 1.69111
-2.41809 -3.70939
-0.172929 4.37604
-0.955625 0.42351
-1.48584 -1.2285
-2.36798 -2.59496
-0.603804 0.617575
-0.957748 -1.24578
-1.31319 0.241417
-0.671332 -1.19867
-0.843535 -1.74603
-0.666435 -1.54591
-1.09089 -1.31001
15.9621 17.0261
0.182541 -1.19103
1.08311 -2.08191
-2.84493 -3.74314
-4.33798 -1.19916
-2.07309 -12.0994
-0.397174 -0.665228
0.889517 0.505546
-2.45172 0.354756
-1.63972 2.4634
-1.62191 -0.38447
-1.54707 0.00138251
2.35029 3.62252
-1.44462 -3.32547
-2.66973 -2.08311
-1.65705 -0.798637
-0.497369 -0.813738
-0.386231 -0.310617
-9.47527 -4.6926
-4.00841 -0.869357
-5.72728 -7.48917
-1.68319 -4.68209
-1.70545 -0.818703
-1.15858 -0.840172
-0.0924807 1.70483
-9.42217 -10.382
9.64169 21.1759
-0.235604 20.9891
-1.70463 10.7183
3.45785 6.12049
-1.48803 0.832971
-6.29402 6.72116
-1.12255 -1.97556
-1.28566 0.28044
-0.93694 -1.62595
-0.209572 -1.9544
-8.40887 -6.99371
-1.1739 -2.05799
0.289672 -4.26126
-2.75834 1.22475
5.10089 -18.3877
-2.77964 -0.492565
-0.499683 1.26744
-0.936726 2.6484
-8.16412 -3.53696
-2.53288 1.07048
-5.96888 0.80174
-2.81082 -1.10492
-27.3582 -9.45443
-10.6684 -5.62879
-2.91189 -3.44225
-1.55347 3.86665
-2.744 2.53753
-1.31798 -5.91704
2.17112 -3.05383
-7.49843 6.1533
-2.23034 8.81819
1.01666 -0.966694
-2.70269 0.520688
-3.59354 0.0955604
13.4295 -34.0489
-0.391899 -0.433568
-0.822162 -2.21852
1.25992 0.112341
-0.669551 3.40899
-2.87845 -2.09129
-1.66359 -2.56685
-3.94854 -1.14566
-0.676095 -0.309095
-0.738432 0.469559
-5.23401 -1.96876
-5.03288 -2.0247
-3.94486 4.08406
-3.18154 -2.75703
-0.498184 0.573115
-2.73646 -3.89741
-1.71403 -2.42824
-2.57544 -1.75529
-3.09279 3.74293
0.418787 -3.3947
1.24922 4.39198
1.65202 -2.64381
-0.377861 -1.59675
-5.98875 4.36757
-2.58094 -1.13775
-0.814246 -2.73075
-0.940329 -2.51704
-2.21644 -0.745832
-0.557675 0.469966
-0.185262 -2.87171
-3.13028 -1.58856
-2.90015 -1.06627
20.0577 -31.494
-3.40141 0.604897
-5.6855 -6.24767
-4.04293 2.52528
-3.73868 -1.16122
-7.52143 -5.00438
-1.6064 -4.44276
20.1021 22.6442
-2.91599 -4.63826
-2.55603 -2.7736
0.434883 -2.36941
-1.18431 0.749118
4.04791 3.58666
3.61703 -2.20371
-2.32566 2.00218
16.4743 -24.3405
2.83753 -0.119049
-2.79252 -3.15348
-2.35173 -0.790412
-0.831227 -3.27064
-0.534293 0.897578
0.449063 -0.549445
0.29868 -2.81407
0.156098 -0.717798
-0.101396 -2.03942
-0.496669 -1.37051
-0.206765 -2.41904
-1.58016 -0.654864
1.22801 -1.50184
3.10216 -6.23658
-0.894581 -0.459731
-3.71283 -3.21553
-2.04203 -2.9423
2.35966 -8.86663
1.15834 -0.798803
0.63954 7.60045
2.71273 -1.9899
-14.8452 -2.82679
-4.32584 -8.05925
3.85459 -5.83149
0.866399 -0.034474
0.10746 -0.126819
0.225044 0.292334
-7.46041 -5.74619
1.57629 -10.6907
-2.92131 -6.15592
-6.31901 -12.434
-1.56283 3.58032
-0.885996 2.67399
-1.77302 -2.51307
-0.851463 -2.25489
4.12382 -4.5341
-4.31015 -7.65483
9.12704 7.42381
2.64008 3.39737
3.22004 -9.49201
0.319691 -1.98641
-0.624083 -1.67629
-0.370546 1.71611
-2.60325 2.38514
0.792809 -1.80286
-1.35309 -0.920869
-0.116397 -4.15329
-9.3199 5.51104
-2.68581 -2.13505
10.1316 13.3145
1.18137 -2.15362
-2.35749 -4.66034
-0.556251 9.64211
1.50183 -0.58411
3.24965 -0.12484
-0.793477 0.30504
-0.294573 -5.974
0.0946435 -2.45574
-0.685784 -1.00947
-1.09551 -1.83787
5.28623 -8.8381
-4.52991 -11.1474
0.487611 -0.766052
-1.64499 -1.1864
-5.37928 -8.60635
1.94132 -3.93371
-0.285869 -1.42289
3.14179 -7.47623
-2.60227 1.6702
0.0869242 -2.32914
1.1536 -2.75177
-1.32892 1.95441
1.54091 -9.91679
1.15811 -2.81596
0.0297422 -3.60146
1.50498 -1.7764
-0.584342 -2.22794
0.221915 -1.56378
-0.952333 -0.9509
1.41658 0.621986
0.115784 -2.24664
3.25487 -0.137227
-0.133036 -5.09578
-2.5294 2.83845
0.22071 -1.74269
0.163304 -2.8387
2.6663 -1.8081
-0.781709 -0.211954
0.36296 -3.71114
1.8212 -2.57422
1.97895 -2.47423
-2.19208 0.0183559
-0.965666 -1.34866
-4.24968 0.771129
1.60017 -6.18297
-0.41567 -0.117488
-0.424123 -2.47378
-2.75948 0.677817
-0.374809 -4.51895
-12.8241 -2.60232
-1.53582 -6.05513
-4.82262 -8.06886
-1.81622 -2.91061
-1.81131 -1.42914
0.0087668 -0.597241
0.00753818 -0.530881
0.251842 -4.31912
-0.831181 -1.28108
0.283581 -3.2907
-0.00377345 -2.7798
0.0349759 -1.88479
1.30134 -7.59577
0.967609 -1.71539
0.440495 -3.90635
-1.06566 -3.10494
-0.640267 -1.25096
-24.7547 -22.3756
-0.288549 0.132808
-1.35224 -1.61878
-3.31539 1.45136
1.62662 9.72983
-1.51762 -2.16698
-1.76781 -5.13691
-1.45762 -1.3592
-0.433571 -0.128882
0.24656 -1.04965
-0.398504 -0.341816
-0.407117 -2.60929
3.68602 -18.875
0.840731 -9.39869
3.35439 0.203081
1.38956 -2.23498
-2.04015 1.66904
1.1021 1.63343
2.12488 -4.68797
2.70625 -5.34638
11.0276 0.587528
-2.57728 -1.39343
-2.86594 5.68861
-0.103053 -3.69888
1.91126 -1.12737
5.34375 0.0682764
0.103651 -2.21924
-0.130267 -1.7164
0.0268232 -0.856472
0.200441 -1.54393
0.598172 -1.76731
-0.422017 -0.141914
0.174351 -1.68957
-0.437846 -1.16981
-1.16218 -2.24719
-0.593413 1.6964
1.81303 -2.7054
-0.0346388 -1.87161
-1.39231 -1.8091
0.653233 -3.7998
0.491582 -1.89994
-4.82512 5.86537
-3.47199 -2.52076
0.0751533 2.31097
1.25932 -2.12398
1.64032 -1.99753
10.6148 0.762592
-1.7305 -2.48741
-0.0722988 -1.59336
-0.517505 -2.8396
0.135325 -2.41198
-2.58719 3.48254
0.0188336 -2.94173
0.816222 -3.16592
0.444267 -2.39046
-8.87535 -3.97118
1.18831 -4.43237
-1.56632 0.92935
-1.79371 -1.65369
0.651643 -2.14908
4.58792 1.37711
-1.52976 -2.91322
-0.699062 -1.14627
-2.92097 2.09545
0.394613 6.14394
-4.76527 -2.22482
2.64059 0.98748
1.40029 4.56211
2.14566 0.740921
-0.0431971 -1.62261
5.0377 1.38959
1.02004 -1.70787
2.52685 -2.72205
-5.62231 -11.4343
-2.26956 -1.54843
-14.0882 26.7549
-3.63878 4.06206
-13.7158 21.6786
-0.0531694 -0.0546698
0.24168 -4.86597
0.275817 2.5847
7.11098 5.42804
0.757347 -2.48985
-2.87049 -5.15075
1.48086 -0.209907
-0.379292 -3.62716
0.30458 -3.54204
0.361317 -1.8872
-0.179966 3.91059
5.84543 -1.53268
-1.34425 -4.4457
0.424078 11.0896
-0.895029 0.901635
1.00289 -3.76449
1.46825 -3.57548
0.24022 -3.3633
0.0792864 -1.04719
2.32569 -2.0812
1.41177 1.59077
-2.5242 2.35417
-0.986891 1.76464
-1.14565 3.47517
-5.26971 -3.5717
-1.57947 -5.3179
-1.27884 1.36662
3.63395 -2.13771
3.10756 -4.86786
-0.217874 -3.98926
3.34463 -3.0912
16.3583 11.1376
4.29155 1.41167
-0.54534 -2.12708
-1.87347 -0.964935
-11.3464 3.07315
0.116057 1.06532
-1.76368 6.69406
2.80945 11.0946
-0.733496 -3.46493
2.08495 0.311624
-1.74055 -2.29768
0.205445 -0.969096
0.0851156 -5.17401
0.599799 -2.69731
-0.710526 -3.62094
0.405025 -2.30656
0.261479 -2.86002
1.14811 -2.46799
9.7866 -4.18792
-2.11449 -0.49737
-2.38332 -1.66731
1.61003 -4.73983
0.774023 -2.26811
-0.171519 -9.49303
-0.78345 -14.2826
1.00883 -2.92982
1.10794 -3.56817
-0.435919 -2.53766
8.93524 -7.19524
1.48932 -1.9468
1.07507 -2.38724
2.39544 -1.97573
-5.85815 -7.19481
-0.77561 -11.4246
1.32595 -1.2818
0.657635 -1.17363
1.76516 -1.1235
-1.18263 2.07845
14.8201 14.9669
-3.56302 -2.48555
4.40966 -0.744846
0.713683 -2.08807
0.74737 -2.10558
4.18904 -5.38479
4.04491 1.64842
-0.11924 -1.69369
-5.91787 -16.112
1.2965 -1.48514
10.6021 -1.18065
-1.2416 -3.11257
3.04126 -6.35823
0.696594 -1.77073
7.92036 5.43086
4.83938 2.77756
0.725358 -3.10394
1.03487 -2.3449
0.425364 -5.96487
0.144818 0.464716
-0.526388 0.140225
0.588697 -0.159511
-1.18303 1.83859
0.566664 -2.33571
-0.330147 -4.27456
0.671714 0.961245
0.816402 0.569949
-2.27705 -5.62923
-3.20146 3.92863
-3.40524 3.24371
7.6103 6.22111
1.12732 1.42373
1.14405 -2.4703
0.844758 -2.30167
2.33769 -1.52659
-0.0602807 -1.61811
0.779629 -4.569
1.55769 -1.51268
4.62934 -5.62702
1.38211 -2.31852
5.06928 2.29226
-1.99754 -5.36261
-0.295334 -1.46898
-1.75564 -2.1855
0.540734 -0.554481
1.22707 -3.58392
1.30426 -2.65405
1.58836 -1.69315
0.238576 -3.25317
-6.08319 9.21178
-4.33342 -10.3843
1.18968 -5.162
-0.464591 -0.333739
1.23882 -2.26907
-9.24987 4.50648
12.3307 25.8567
7.06902 3.92252
5.44295 3.84123
-1.24111 2.67989
3.92285 0.174715
2.48927 -1.36017
-0.25706 -3.70977
1.67203 -3.73975
0.01348 -2.01917
0.997281 -0.133111
-0.622593 -3.28425
-0.779522 -3.22836
0.820961 -3.13065
-0.821813 -3.315
0.0675352 -2.53883
2.83111 -0.878122
0.507759 -0.83822
1.5074 -2.73661
0.12172 -2.48034
1.63171 -3.05733
6.95163 5.40335
3.13406 -1.6469
1.58501 -0.264491
2.84819 -3.71933
-0.815309 -1.83161
-2.02203 3.22881
5.51842 0.269707
0.958214 -0.603546
-0.0392343 0.859226
0.278359 -2.344
-1.1285 4.24072
0.491973 -1.20171
0.922288 -4.25103
0.803962 -2.10286
-0.63708 -2.56627
2.35934 -0.271453
0.651483 -3.8091
-0.321422 -1.75044
1.71511 -0.666549
-3.33837 4.39288
3.03887 -0.392287
6.53376 -3.22287
7.52727 -2.3984
2.57499 0.407816
0.316521 -1.23579
5.20104 21.4825
3.29154 -0.835366
1.84516 9.10005
1.66924 -2.37125
1.78601 -11.9076
0.132784 -3.49963
1.72889 -3.11447
-10.1798 2.41194
0.357898 -0.253207
0.340504 -3.77884
1.96244 -3.38976
1.85355 -0.221814
3.13091 2.20377
6.17728 7.01643
3.67108 1.25811
1.77723 -1.60429
2.41603 0.581531
0.917377 -3.01407
1.45547 -3.70792
-11.1787 -7.11802
5.39389 3.70223
5.17107 0.238404
0.913114 3.90355
7.42483 -0.313906
-0.64256 -0.917771
0.789344 6.93157
-0.177121 -3.17842
-0.358118 -1.89007
-1.85262 -5.37597
-0.0351243 -5.04307
2.69468 -1.8575
0.274786 -1.11793
1.03725 -4.04929
0.928977 -4.02272
5.71316 3.44115
-3.28275 -8.39684
-5.38119 -4.19064
-9.58603 -5.83691
6.1164 5.13087
6.43073 3.32023
1.5741 -2.21357
2.18791 -1.03893
3.57953 -0.871741
2.57401 0.459425
4.7592 1.42588
2.99728 -2.06404
1.15531 -1.16046
0.0471746 -0.319931
-1.53157 -5.26961
0.612471 -0.401001
2.87826 -4.04253
-0.361883 -1.49979
1.21222 -0.790095
1.03751 -4.07751
0.292678 -2.09661
-6.18149 0.897537
-0.561425 0.141525
-1.98388 7.04708
-2.65021 0.15714
1.21436 12.313
19.7578 26.4971
-1.63185 2.00635
5.90353 6.07831
2.27985 -5.89499
2.8952 1.21806
5.21586 -2.80959
2.27552 -1.93833
3.92391 -0.786751
-0.235204 -3.47749
6.11306 22.3173
1.33693 2.44764
0.45576 -2.25003
4.13385 -2.34634
0.470092 2.56196
3.42766 -2.25592
3.78287 -1.511
-1.46612 2.43248
-3.37394 1.82235
4.83711 -13.4366
-5.3301 5.40747
-2.96911 -2.90605
-3.10629 11.7256
8.35061 0.876182
-3.12722 2.33875
2.44323 -0.654229
-1.19063 0.974125
-0.607697 0.967954
2.63547 1.92472
10.7489 11.6043
-10.1001 4.97394
-3.47879 1.84604
-0.530056 2.20386
-2.92894 7.50485
-0.7305 7.66836
-3.89715 2.32175
-2.02902 0.780115
2.73264 0.447344
-0.874975 0.730781
-3.42101 1.95459
8.146 1.91854
-0.370467 -6.94742
-2.23483 1.92474
-2.83004 -1.05284
-0.635803 1.8549
10.8933 4.96051
-2.13063 1.64742
-13.5759 -12.8363
-2.27126 0.731441
0.928995 3.69577
-3.18032 0.883764
-16.3336 9.73771
8.53592 1.44879
-0.0893228 2.68251
-0.598797 4.74398
-2.64791 3.6113
-1.39398 5.41873
-15.3377 -1.69405
9.97217 2.44612
-2.69924 3.22118
-2.07911 1.69047
2.11135 -0.558886
-0.852948 0.869559
-0.963207 1.44001
-2.31002 0.831729
-5.08229 -4.1837
3.81392 9.48084
10.6535 4.24098
0.112614 0.554589
-0.77045 -2.97044
-2.91556 2.5379
-0.954707 2.29782
-2.03027 1.78381
-2.19594 -1.13839
3.14718 6.31608
-1.40532 2.73169
-2.35073 2.9893
1.11028 4.37663
7.28774 13.8561
2.92456 -1.60945
-10.1178 -9.09684
-3.08675 1.03068
-4.38512 6.63448
-2.90261 6.78689
-1.06678 1.24438
-0.6557 1.88907
-0.539191 1.54084
1.43245 2.99936
-7.57845 3.65116
-13.6732 -18.3645
-0.647226 1.19077
0.0781499 0.920103
-1.0356 1.49402
-1.12314 -0.0815862
-3.90427 -6.7316
-2.24848 -0.544119
-0.295412 1.44749
-2.66381 2.24168
-1.42392 -8.6047
-8.33878 -8.96084
-10.0627 10.121
-1.89213 2.89753
-1.45591 5.31815
-1.49308 -2.12575
-2.13028 5.79137
-2.07542 1.35937
-3.57686 1.4336
-1.69474 -1.36816
1.97898 4.07232
-6.59072 9.77838
-1.17712 1.60959
-2.27629 2.86054
-0.90804 -3.60224
-3.3684 1.81914
3.08948 2.38927
-6.93492 7.11148
-0.32033 2.02195
-4.69269 -2.76138
3.83978 0.826765
0.19166 1.0606
9.27566 2.38716
-1.19184 3.56968
-1.23191 1.06089
-3.67338 10.8831
-4.74534 -0.254245
-0.877281 0.995914
-3.13939 -0.586023
-5.56809 7.56311
11.8453 -29.2424
-3.10727 4.54538
-0.432441 1.84651
0.931367 8.44575
-0.174401 1.5855
-1.66666 1.31274
-5.55905 10.4656
-10.5389 1.93087
1.54683 0.0477835
-1.30257 -4.20457
1.65388 4.06474
-6.41981 -5.78094
-1.72615 1.08263
-5.13838 -6.77646
-3.86685 -2.22016
-15.9887 -2.35363
1.09507 6.3778
2.70876 3.37483
-0.965832 0.22908
7.63835 0.734233
-0.298918 -2.56288
-3.0043 11.0669
-8.20125 -11.5209
-2.64551 0.270762
-2.62019 3.20298
-5.57206 8.3829
-19.8458 17.8432
-3.17635 6.31362
-2.36989 0.63171
-2.63281 0.754048
-2.33157 4.00926
-0.465523 5.31948
-2.38516 -1.15478
-4.37082 1.18049
-3.46832 1.3394
-9.1635 11.3152
-15.2908 -9.52147
4.21462 6.76833
1.49895 5.80248
-1.24599 3.76247
-0.679658 0.407906
2.33441 5.49056
-1.73875 1.77589
0.513276 -0.751859
-2.17031 5.29272
-3.45085 0.418413
-2.17467 7.42899
0.517358 2.1375
0.411335 0.756293
-3.09959 -0.225977
-2.27863 1.7742
-8.75908 1.25393
4.03429 7.77323
0.840402 1.68826
0.00831959 2.00897
2.33565 2.20995
1.56767 1.10483
-12.0262 6.95348
-1.06293 1.28166
0.985812 -0.884268
-1.96865 0.364332
0.624672 0.058441
1.02326 0.93154
-5.97857 4.104
13.5874 -8.86751
1.00453 2.55136
-1.58472 1.6256
-2.11292 -13.999
-5.00566 -7.4303
-0.116116 1.67974
5.44854 0.994606
-3.65463 -7.54138
-1.98254 -4.92564
-4.16791 4.83484
2.20909 5.73696
-4.09223 -0.358167
4.12789 1.00916
0.911086 2.64406
2.48176 -0.626
12.0594 14.286
7.08258 1.01476
0.146462 1.0571
-1.42161 2.6439
-5.26508 2.97992
-4.57246 -0.929863
1.6815 4.90746
2.26296 4.16827
-0.0422169 1.21133
1.60565 3.0472
5.56694 2.69617
2.03995 4.7299
1.00493 2.10234
-3.50968 3.65601
-1.05555 -5.73639
7.20051 0.168295
4.17922 2.84161
0.992294 -3.31233
1.49679 -8.68684
-0.942969 2.16498
-3.96943 0.501608
0.759155 1.65506
-11.6123 -5.25527
1.54219 1.64002
2.12456 3.44596
-3.85283 2.68364
8.21728 10.1107
1.23023 0.795415
6.58727 1.20903
0.532358 0.825174
-1.36237 1.67138
0.522551 1.87077
1.10893 1.51095
0.142884 -0.16316
2.83478 0.305872
3.85238 1.93709
-2.83324 0.100735
0.142878 3.18636
-0.826865 1.9246
-1.17974 3.06967
1.85856 1.66004
4.84314 -0.104332
4.40039 3.47968
-0.789041 -0.495294
3.35409 -4.24031
-0.698297 2.00604
0.876914 0.605402
-4.79301 -8.02961
3.67779 2.7395
1.66998 0.637185
-6.07757 3.77316
0.628989 -2.74809
-3.85598 -2.52903
-0.835238 10.4585
0.69687 -0.458759
3.89855 4.56328
0.0845967 2.94563
3.22175 4.49605
7.07264 11.2563
0.0812435 2.95149
-0.0919871 -7.64471
-6.00296 -1.69551
-4.55257 -0.677708
0.448361 -0.201595
8.78556 -1.26459
-6.64627 0.252271
0.690217 1.30162
1.33458 3.0682
-2.81825 2.24754
0.0512713 -3.92629
1.49211 0.809276
1.91617 0.150477
7.11227 -0.749423
4.21368 3.60611
-6.92789 2.60791
6.81878 -16.4505
0.784068 2.87264
0.0122468 2.25844
2.98772 5.60488
6.8026 9.01072
2.29146 1.64698
-0.824046 2.23263
1.58502 2.2231
-7.08688 0.555286
-3.91088 2.56946
4.43152 -18.6486
-2.3942 -2.41434
-2.91781 -0.14598
-1.3485 -6.86912
1.27767 -1.30691
0.244366 0.543715
4.08497 -0.76782
0.704708 -4.57574
-3.69415 2.22002
-11.7599 -5.73702
-8.42152 -5.34578
6.34193 7.75304
1.01887 3.43318
1.60399 0.170122
3.59384 1.41788
-10.9683 -19.4533
8.33997 -0.335727
1.42388 0.425144
4.82803 -2.67989
-2.80034 0.733235
0.00923117 4.75255
0.340318 -0.326106
4.38705 11.178
0.00631111 3.48823
3.81773 3.555
1.33277 7.53699
0.710475 0.846663
-0.880892 3.85869
-3.09873 2.16852
-4.03802 3.67752
-0.0440196 1.71339
0.351367 -1.2182
1.01036 2.29802
-7.21685 -7.38606
7.0015 5.91376
-0.000468284 0.388798
1.79842 2.61
5.24376 -1.25198
5.74297 1.05967
0.99229 3.0884
3.44946 3.82253
1.15573 -0.172746
0.967462 3.71909
0.557356 0.157562
-0.0739258 1.14027
-4.26466 -0.703766
-3.57807 -7.52516
7.41346 6.91394
3.19045 -1.55107
1.10183 -1.34683
3.61551 -1.59795
-8.59117 5.85545
0.754531 -1.53485
-0.216068 6.61276
0.321163 -1.67519
4.86581 -2.4902
1.69693 2.18614
4.40341 1.7013
5.06992 3.26738
1.81042 0.705186
3.7304 11.3528
1.67345 1.44208
6.17438 1.78728
10.1508 -1.20805
3.82675 0.98448
3.23758 0.878741
0.683044 1.38092
-3.86621 10.1422
-1.85045 -8.67386
1.24118 4.96388
4.5906 6.59054
-2.16683 0.503963
6.63137 1.87428
0.884827 2.38073
5.48603 -2.38639
2.86439 -4.17563
8.08207 1.31216
-1.17871 -20.0428
-5.78764 11.3674
2.88434 5.43806
5.3697 2.67469
8.72609 2.35141
4.61069 0.552979
6.2488 -17.5467
0.041237 -0.926572
7.13155 -6.06252
7.45289 -0.285533
-2.77481 4.55065
8.0177 0.436045
7.07198 3.85094
2.77739 -3.54605
-2.07075 -4.13713
1.36682 0.475719
1.56004 -6.01245
9.13458 5.2489
1.36901 6.35057
1.66305 -2.2788
8.43519 2.99255
8.10457 2.91853
2.80184 2.01073
6.72752 2.16123
-3.0335 1.96256
2.19513 1.39858
-11.6049 -7.23291
3.20609 4.04306
7.7897 1.78072
6.20717 3.33333
10.4641 -0.0871664
2.22772 0.760074
6.9185 0.95759
8.25818 2.34749
4.54643 2.79391
20.1358 4.00156
8.67813 1.62962
1.57153 5.27803
-2.74584 1.6752
9.72939 5.61217
4.95204 -5.12854
8.87847 -9.47511
7.89103 2.60979
7.63835 1.26708
7.76439 3.87522
0.533663 -0.118198
8.18503 -3.71156
4.0434 2.35455
8.51963 1.84525
5.80498 0.769421
1.62548 2.48757
1.69954 2.875
3.63204 0.117159
7.88899 1.75472
8.06785 4.372
7.49226 26.0962
2.29252 8.28851
8.50635 2.26473
5.25226 3.51022
6.9073 2.25427
4.34231 1.42775
0.714233 -1.97556
3.20795 -0.279815
4.40262 -0.424975
1.55381 4.34212
4.10022 0.0479257
6.62151 2.31346
-7.25391 1.81053
-3.71229 0.404124
8.42991 5.51561
10.2301 5.27805
9.51817 5.03077
7.60646 -1.89667
-0.282799 -21.6491
3.19345 0.665226
-2.96058 3.63371
1.86532 7.3379
1.50314 -0.107562
3.74971 0.479525
7.79532 5.02992
6.47752 3.09422
7.08707 3.49085
-2.01141 0.130645
6.5252 -0.574339
12.5788 2.93856
2.69453 3.48699
3.04118 0.162355
4.08147 2.64828
-0.428429 0.954071
8.15271 5.00708
7.96263 -1.13277
-4.93807 1.1892
6.64714 2.6204
4.68001 0.12185
19.5586 0.69214
4.54861 2.85611
6.85597 5.51449
1.26794 6.8928
8.41514 1.40291
6.27912 1.3614
4.93509 1.48665
1.02774 2.71493
-0.408225 0.26724
1.84687 1.3555
10.5177 6.53499
8.90493 -1.50692
8.88391 1.93266
25.5032 14.2911
-1.57856 -3.338
6.10346 11.0069
-2.45141 -7.88543
-1.55652 8.21448
7.22592 0.761324
6.40463 1.80584
6.88751 2.78667
6.13433 6.57815
6.42497 4.30779
3.10196 6.70854
2.40256 11.0074
7.45191 3.13917
3.06817 6.16072
-2.72483 -9.15482
-5.67694 -6.23246
7.22921 4.13235
1.39501 7.76011
-1.82011 -9.46488
5.83915 2.02468
7.32347 3.08658
4.98553 0.927177
2.59017 -8.7536
6.15017 7.11299
6.82836 2.93163
2.6662 5.77958
-0.605324 -3.68423
6.09362 3.34267
8.44969 6.68535
4.61715 6.93893
7.52686 8.15033
4.92754 -0.444924
6.55536 3.62222
3.04413 5.92693
3.41014 8.62444
8.02583 0.774406
5.14994 4.3863
-3.75512 -0.869745
1.11682 9.70601
5.43912 6.95577
5.22518 4.19447
5.14923 6.31469
4.70805 15.0381
5.82414 5.0294
5.74452 0.506017
1.92019 3.71936
6.77343 9.94574
7.95901 8.06478
-3.90544 8.41427
8.0904 -0.824814
9.18053 20.9396
9.2898 3.62145
7.0692 2.65507
-25.2164 6.62472
8.62691 7.86682
4.45761 6.98508
8.17887 9.41493
6.92477 2.9614
5.66378 5.49751
5.63645 5.35558
-3.33012 7.83957
5.69387 2.21667
6.72347 5.78385
5.98179 8.61369
2.06502 3.91793
3.21204 6.75282
5.22254 1.70887
9.31437 12.5653
9.29331 2.51268
7.14969 4.12121
1.70149 5.52303
10.4171 6.85595
6.00973 5.88074
4.31614 2.44834
1.50962 0.765347
2.33373 4.60702
8.40071 6.83176
8.74321 1.69072
8.1061 9.41828
5.79595 11.29
-2.09534 6.5508
9.54662 3.10789
2.22493 4.06087
4.92053 5.89102
4.71631 3.99048
7.803 1.17945
8.06589 5.06765
16.2646 -13.4307
2.86575 3.60044
1.77271 5.71608
2.99789 3.98494
-0.87813 2.728
7.5903 9.1005
-4.38905 10.671
-4.7898 6.01352
-5.85367 -2.27002
5.3699 3.43749
7.68089 6.64464
5.87462 -1.85277
6.00267 4.53572
1.13625 4.64555
10.1247 3.82041
-1.42876 -12.2247
2.6402 3.18339
5.87608 2.18401
5.15282 4.54686
7.47357 10.435
0.454873 6.29118
-5.38081 12.1615
5.17642 1.16255
7.23166 7.34779
28.1852 27.4425
10.419 14.698
6.74141 7.09207
8.36091 5.19562
2.69396 17.8775
5.08489 7.95061
8.07328 1.97908
8.86706 4.94523
-6.59188 -15.8149
8.06024 11.5781
6.26107 2.14861
11.0373 3.87133
3.52378 4.77884
2.678 7.01222
0.273122 5.06897
1.91293 0.571586
4.26228 0.375765
5.02045 6.53834
9.62512 13.2874
6.86977 19.6698
3.86094 5.60387
1.31867 -5.63093
6.78719 0.298892
6.30538 5.61038
2.91247 4.2347
3.7154 6.20114
4.39914 6.4889
-0.627937 -1.64266
-2.19406 6.00216
4.14168 4.03331
5.19834 3.01176
-2.01224 -5.44709
5.12417 5.36441
3.93783 7.60465
2.45327 -3.45401
-2.55318 5.64741
2.91362 -0.0975452
-6.67477 -20.4632
-0.251486 0.223587
-4.15246 11.1004
-2.30562 10.9041
4.91443 2.61518
4.21132 1.81621
4.90302 5.43688
1.10534 -18.4535
-1.82161 3.79499
2.97267 5.80972
0.557082 4.71449
3.66699 -0.446525
11.2868 9.50861
-1.83049 1.3521
-6.19784 4.41682
4.83622 3.05062
5.54442 5.08481
2.96987 7.58036
-0.0329868 8.18933
-14.2483 -12.0119
6.01989 18.0917
-12.1939 -9.01932
1.9658 19.7025
15.7716 10.9337
0.110927 -1.59102
0.300049 -2.57995
-8.02204 10.931
-3.0022 4.79396
4.39197 0.993874
4.4727 0.86295
9.8476 10.947
-0.380774 0.624679
8.46573 6.41388
4.35685 0.64689
-5.7299 10.3359
-3.47199 10.5396
-6.19845 4.1288
5.91411 2.27151
3.8082 7.25677
0.410907 6.75848
0.826526 7.90198
3.60798 -3.9073
-0.300943 -1.12831
18.9537 -12.7259
3.0973 5.10073
-7.58128 4.02283
-0.481899 -4.17263
0.680019 0.676125
3.37267 4.53915
-4.44111 4.35852
0.268568 7.85048
-0.155005 -3.59272
-4.24669 3.60312
4.09676 8.50993
2.50657 8.99815
-4.18395 4.02462
-2.72435 3.01523
5.20399 3.75495
8.46634 5.29804
0.462317 5.63044
4.44196 -4.40777
-11.939 -9.94272
2.8505 1.14648
6.53146 11.1453
-1.41207 4.3941
7.54218 15.2154
5.19677 6.27466
-5.10046 4.83772
1.48151 8.64826
-3.69194 5.01395
0.621622 1.92629
-9.34405 2.29735
6.78198 5.53659
6.8955 7.45219
5.73303 -0.555847
-5.13835 2.63369
-3.23746 -7.98289
-0.0398224 5.81602
2.70045 10.1301
3.58224 0.947986
6.65989 0.387715
5.75647 8.07217
-5.18016 7.00125
1.34269 -0.138472
-4.25159 -2.7246
5.04012 2.16736
2.73894 6.63332
1.74397 5.1391
6.99251 5.44315
4.50178 1.64852
8.71842 18.8426
1.08102 19.342
0.789039 6.32052
7.76329 11.6185
8.0574 15.7968
1.99063 8.93814
2.85749 5.01544
18.8564 4.45843
-2.25294 -1.00659
5.15085 5.26104
3.58561 5.17377
0.681361 8.72963
-0.269705 3.8593
6.15412 19.2155
2.21386 5.60181
2.53722 -1.92401
1.34799 -1.01373
-1.58123 0.227847
0.319115 -1.94149
2.56466 -0.0934454
-0.483472 1.51642
-2.27286 2.28497
-0.549273 -7.01343
11.7204 -0.151945
-17.0382 -5.51689
-0.829052 2.54401
0.121584 0.761047
-10.7216 10.3328
3.00199 3.38623
2.66797 -0.96831
-0.598384 -1.60918
-1.17675 -2.98184
-4.2032 -3.98842
4.66518 -0.541091
-1.19527 -12.9637
-1.50726 3.49723
3.61672 3.00528
1.36098 4.33398
-0.182888 -3.11414
-4.24427 3.55631
1.00153 2.02344
-5.23273 -1.40307
-8.69699 -11.9391
1.68547 2.1146
-7.81113 -19.986
-2.00717 7.12643
1.35248 1.6684
10.6894 2.13818
0.956007 2.67976
-1.61741 1.9905
-2.1946 2.76255
-2.10736 3.49696
-0.968948 1.46847
-1.25161 -6.36258
2.81143 3.236
1.87912 -0.969012
1.37579 2.18611
-1.62081 -2.8786
1.30547 -1.33101
-3.23248 -4.22805
2.07885 -0.909159
2.62783 -0.838416
2.31218 -0.85389
1.68539 4.32159
3.17048 1.94014
0.212999 -2.89124
11.4991 1.14431
1.02108 1.66096
-3.23133 -2.3375
-0.20262 4.01453
-2.49812 5.25049
1.14295 2.98827
-1.55046 2.7134
4.4921 -2.82282
-1.84745 3.56685
-0.402751 0.985788
-1.33146 1.20501
3.39101 5.74848
0.228687 1.08081
1.33605 0.171295
-0.188058 1.7231
6.01732 0.787384
-0.50561 1.93283
-4.9707 -0.110425
2.92012 9.1513
-2.28354 -1.73697
-0.176734 -0.985649
0.613471 2.07507
-1.84492 2.20426
-0.762431 1.99301
-7.4117 4.94332
-1.71403 1.60778
-1.78167 2.05228
-0.403575 1.27001
3.68238 -1.01275
-1.32914 -0.515178
-0.741878 0.0877733
-2.58871 3.68175
0.262698 2.3975
2.67643 2.30543
8.24686 -0.0332187
4.22386 6.03688
-1.15697 2.49925
5.47815 -14.2
-0.76033 -1.86746
2.02279 3.81741
2.60364 2.39206
2.04759 0.811075
-2.40752 -2.82568
3.97834 -0.483383
-3.95485 1.33061
-1.5516 1.31254
1.23558 0.964188
0.12634 1.11969
-2.45196 2.57869
-0.0717351 0.0814878
-0.645382 3.28528
2.08763 0.983265
0.946883 0.65992
-0.741613 0.103882
0.389696 -5.15374
3.01981 4.46966
0.461687 3.38043
2.92735 3.3803
-18.0037 6.45412
-2.80376 3.32501
4.0937 3.7052
1.97282 3.27072
1.96836 1.54579
1.30401 0.701713
-6.80597 -17.8364
-7.29409 0.324537
0.578785 -1.97684
0.947804 2.80037
-2.79944 2.47089
-0.842499 0.588282
-5.99767 4.43326
6.61057 7.6778
4.30534 4.52178
-0.917248 0.470626
0.937948 3.09358
6.08148 0.795107
-0.197493 0.473711
3.32011 0.286356
-1.81991 4.99108
-0.0228172 1.22045
-3.94187 -0.268392
3.0735 2.26094
-0.0372105 1.91068
1.46664 3.46112
-2.02858 1.36633
6.56033 5.21478
-0.473057 -0.224295
17.4374 30.3416
1.49812 0.977946
-0.43141 0.720304
-1.17958 1.85535
-2.16423 2.364
5.36254 7.40821
2.98669 11.649
0.493762 2.02057
0.952393 2.96698
1.38896 0.777056
-16.6545 1.87018
-2.0004 0.561214
-0.160426 0.929305
7.74134 0.697185
3.50139 0.483775
-1.26496 -0.33428
3.49225 -2.07407
1.06899 2.0844
1.31081 -0.975184
8.68772 8.87513
2.16475 -2.21598
14.9912 0.78412
4.43721 1.12433
1.25511 -0.699667
-0.248294 -2.19587
-1.15974 -2.34046
-1.44353 -2.35576
0.32872 -2.4753
-2.34003 8.2748
-2.23098 0.113551
-1.17727 1.64135
0.371272 -1.09455
1.73181 1.74848
3.87555 -0.1983
-1.67926 -6.60279
0.821921 0.249724
-3.7535 3.78344
1.58092 3.95407
-3.27244 7.02876
12.2448 12.7611
1.52265 0.553305
1.85808 0.0684663
-0.978322 1.04178
5.74975 -1.08705
6.01775 -1.75771
2.36207 -2.81394
1.12828 -0.761822
1.77784 1.46154
2.56504 2.87799
-0.007407 -1.74089
4.24858 -3.0142
5.02014 -1.80379
13.9943 1.73118
0.394761 -1.02271
1.89744 3.04381
2.00294 -1.21343
0.826519 -0.439508
2.44221 0.470737
1.99625 1.13111
1.34944 -0.137025
3.07431 -17.0624
-0.467008 -2.87442
15.2577 14.785
2.12621 -2.96446
2.52955 -2.2561
-5.43137 -4.32586
2.98526 4.01232
2.38144 -2.43436
2.87652 7.97449
-1.7375 -4.63924
2.62034 -0.794932
2.32478 3.30674
-1.95478 8.32699
2.16342 3.38055
1.00237 -0.547349
1.20308 -0.774096
1.74646 -1.53893
4.65977 -5.18699
5.10168 -9.08679
5.12416 -4.19046
-3.10231 -1.39359
2.40514 -0.978074
1.33666 2.62918
1.80731 -1.86165
-0.212675 1.46469
2.24261 -1.61681
10.718 13.0738
-3.1101 -2.87072
1.1516 -1.49539
0.495183 -0.690174
0.895459 2.45799
1.20296 -1.34446
-1.66734 8.32664
1.56753 -2.02188
0.834058 -0.0118144
2.37398 -0.359114
3.21479 0.654453
0.222038 1.35897
4.47752 -0.970332
6.3438 0.105865
-1.43462 3.38014
-4.95907 -6.94093
2.64607 -0.987112
7.92225 7.91246
6.49022 -6.62861
-1.90351 -0.875528
2.22775 2.632
4.652 25.8978
7.17321 3.48356
-2.23631 7.37501
5.18521 7.48966
3.19088 1.15933
1.99047 -0.0937572
2.43927 -0.458185
0.326428 -2.27028
2.93916 -2.33918
1.92672 -1.56199
5.75949 -1.81211
4.97087 0.604887
-0.94785 0.321616
1.34258 -8.06516
-8.02892 -10.0404
0.786305 -1.82977
-1.84095 0.82887
16.2545 -26.0323
-1.17239 3.02479
2.43622 5.19591
0.305331 3.6616
-5.04509 -1.08174
1.14763 1.45755
4.29678 -1.41725
-3.12868 10.3117
2.01925 5.05466
2.27639 1.18548
1.33999 -1.5998
2.86855 2.09913
0.361293 0.839124
-4.86277 5.782
-3.486 9.33072
2.51833 1.78159
6.18708 -0.493488
-0.210152 2.14951
-0.921217 2.52158
5.24616 -1.9313
4.07151 3.26887
-1.14448 1.08074
3.11132 -0.011301
-0.701766 -2.10411
0.928206 6.07546
1.70351 3.92374
0.686809 -1.27844
0.407327 -1.8188
0.503483 -0.220807
4.50275 0.690492
1.17764 -2.91406
2.47191 -3.05327
4.07664 2.28373
12.0872 16.9622
2.19677 0.727053
-1.16865 9.69767
6.91288 0.79293
0.742593 -2.57685
1.5893 -2.39644
-9.77706 -10.7104
-3.0619 -2.08327
-0.660796 -2.61744
-3.90712 -1.65625
-3.75967 -3.38389
-4.95814 -6.92534
-2.11151 2.35525
-4.89577 -2.13161
-7.02587 -5.35217
-6.20126 -3.50067
-8.05499 -4.44056
-7.74173 -2.92581
-5.21798 -7.67331
-3.60592 -2.34373
-6.89021 -2.8703
-4.19484 -4.06385
-7.34272 -2.86068
-4.28066 -1.68124
-1.94692 -8.12891
-7.88265 -0.689189
4.44783 -2.16834
-5.00191 -3.77902
-4.19496 -4.26393
-4.39636 -2.2981
-4.7025 -1.65835
-3.81075 0.121998
-5.72012 -3.31088
-4.92842 -1.88708
-14.4031 10.9057
-4.24816 -4.78338
-5.03613 -5.75601
-4.0408 -1.34275
-6.19068 -0.129302
-1.50134 2.35387
-4.59513 -1.15077
-4.01511 -3.69812
-6.8105 -5.57232
-5.04986 -2.18755
-3.17592 -1.0144
-11.6388 -1.58582
-6.07915 -0.893061
-7.39914 -2.69184
-4.8776 -1.35818
-5.20482 -1.46576
-7.84166 -6.01973
-5.14852 -2.79764
-3.328 -3.58015
-7.16684 -3.65035
-4.74781 -1.8394
-9.12691 -1.49672
-4.34034 -0.241618
-0.918708 0.496864
-4.28721 -1.75961
-4.30812 -2.35108
-4.53922 -1.35449
0.557372 -14.6978
-11.1814 -4.58514
-2.63941 -1.6263
-1.63431 -5.78079
-6.09558 -2.6085
-10.3347 -1.39393
-10.811 0.849781
-5.32215 -1.26919
-6.38628 -2.08918
-5.08184 -2.94356
-4.02824 4.49548
-3.09461 -0.318107
0.245241 -2.58952
-5.2382 -4.17882
-5.12637 -1.20377
-4.53877 1.5102
4.64352 -4.57869
-5.12878 0.843072
-4.99584 -1.58925
-4.40583 -3.05467
-5.67102 -1.89198
-5.20842 -0.261354
-5.22696 0.239859
-6.72879 -4.94271
-2.27255 -2.70809
-7.59981 -4.25621
-10.1231 -0.877727
-3.628 -1.70334
-5.7548 -5.67071
-11.1987 -2.40526
-4.29728 -4.64279
-5.42862 -1.32153
-4.51788 -2.38895
-5.33262 -3.30697
-7.18212 -2.91079
-3.84384 -3.62468
-1.24384 0.170631
-3.90916 -3.9516
-8.34044 -2.04754
-16.8194 20.403
-5.23252 -1.28202
-3.34697 -3.99497
-6.11973 -2.36199
-5.53594 -4.52952
-6.05883 -4.4573
-10.0866 -2.00834
-6.49819 -3.82923
-13.1369 -2.73181
-1.22708 1.43182
-5.05562 -3.29548
-5.48709 -4.5259
-15.266 -20.2128
-6.29135 -0.739551
-5.43807 -4.38352
6.10091 -5.16187
-5.39058 -1.42555
-5.60566 -1.19112
-3.42614 -2.57313
-5.82302 1.18434
-2.9854 -1.07864
-12.3159 1.253
13.4438 19.9259
-5.0519 -3.3608
-4.21171 -4.76825
6.484 20.6822
-3.21237 5.39617
8.05752 -3.69465
-6.07294 -3.12667
-14.3796 -2.2602
-3.06634 -5.2574
-5.29141 -3.99778
-0.0523019 -0.394917
1.18248 2.00275
0.275755 1.28692
-4.64239 -7.08514
-1.11271 7.55404
5.88711 -10.6926
1.62476 2.64422
-0.595881 2.17517
2.56949 3.75332
0.904959 2.42722
-0.0606728 1.59702
-0.314075 1.07959
-0.0318408 1.40852
1.52576 4.39913
5.19205 3.52203
-9.56958 12.2286
-7.15755 -12.3733
-2.18711 2.56111
-0.98547 0.0845703
6.97448 -1.70101
4.79729 -1.05337
-1.76696 1.51474
0.733134 2.38264
0.829928 2.84158
4.26746 4.95499
2.89407 1.31632
14.0004 -5.50101
-0.52752 0.588246
1.45315 1.82884
-3.8284 5.95394
0.808411 4.52027
2.19278 3.96168
-0.77088 -2.22591
0.354099 1.51159
-0.515725 1.2764
-0.190816 4.68384
-1.86916 1.32885
-11.7623 -7.35956
-3.65884 -0.172182
6.59664 0.896535
0.493035 1.53959
-0.76511 0.920695
0.477749 2.34651
-0.0854174 1.06024
2.1718 1.17254
-2.83962 -1.11125
0.733804 0.463935
-1.31659 0.897929
3.78832 4.41112
-4.71386 -15.1396
1.90651 -3.59295
1.17229 -0.857253
3.9206 5.62981
-0.19185 4.08565
-1.51726 1.97734
1.3476 3.36989
-0.654698 2.1679
-9.03099 -6.28327
-4.47107 -4.40291
2.96107 -3.55268
1.83096 -14.7816
1.5515 -0.0670396
-0.198447 -2.64106
-3.09135 5.21219
-1.50141 1.18123
-5.20846 -1.12839
1.93021 3.6739
-4.39994 5.33309
0.307776 2.56324
-2.14199 1.55878
1.54352 4.88269
4.19189 2.10808
-0.530649 2.88168
1.8738 -1.98012
-14.3977 -8.33005
-1.23146 7.10938
-0.48255 -6.68284
3.19326 1.91691
-2.74906 3.82944
2.6692 4.582
-0.0829032 0.635127
1.40055 1.53135
-0.417376 0.52701
1.05564 2.47713
-2.12406 -0.550394
7.22117 19.9902
0.134608 -1.31539
-2.98014 2.50946
-2.93865 2.97483
-1.34413 1.05418
-1.82168 -0.351767
3.35951 5.6298
-0.548598 0.998701
19.8928 -3.54231
2.26676 2.55878
-0.298318 2.03651
2.10978 -1.09836
-0.199206 6.08463
-2.02317 1.18252
2.2283 1.30256
-0.35352 5.30559
6.80434 3.55078
1.74065 -0.687198
1.89071 0.616661
0.575382 2.35706
-0.0840715 4.73158
0.534005 2.84742
2.51887 -4.705
-1.66942 0.798777
-2.47775 -0.390563
2.3958 5.09998
0.565676 1.86889
-6.67902 9.38592
-0.349109 -0.230953
-2.42798 3.10341
-0.807425 2.31124
-5.90413 -6.27263
-4.0799 5.29613
-6.65012 -12.2824
-0.363903 2.93285
3.77444 5.8407
-2.83597 1.25296
0.173847 4.25721
1.43763 2.88622
-0.537652 -0.0972122
7.50896 3.24101
-3.74317 3.60956
1.21889 4.41412
11.1381 -2.58645
-2.30158 1.44754
3.30969 8.82657
-0.793457 2.75157
2.50819 3.78399
0.10609 10.3978
5.89416 6.30354
-3.94513 1.17772
0.656226 -1.88707
0.127481 3.40188
11.7355 -3.18378
-6.33821 9.30065
-0.938001 0.153263
5.4286 1.97972
3.78686 3.29329
3.09306 7.47619
0.346326 -0.70024
-2.91142 4.80799
-1.03 -1.18828
0.48152 -0.610187
1.98397 5.19342
-1.5976 1.29509
10.3229 3.14636
1.95982 -1.38746
1.89177 -0.889353
-1.43224 2.06072
3.21809 2.71444
0.604491 -0.328565
1.07125 0.972496
3.47674 7.92126
1.01551 0.31366
0.951694 1.37199
4.05542 11.945
-2.67626 -8.85829
4.22541 4.56519
3.20244 -1.88149
5.99583 -8.6587
3.30411 7.25313
1.73555 -1.6021
7.6582 -1.23087
4.25521 6.87691
1.03881 -0.303613
1.1757 -1.46519
0.66054 0.451264
-1.63842 0.419655
1.50451 2.37944
2.82142 3.11239
1.62418 3.59168
-5.94603 2.73931
11.8199 5.45427
3.15542 2.85011
-0.0987866 1.02905
-2.7012 11.936
-1.36334 0.571198
2.45391 2.91282
1.5381 3.35804
1.44627 1.66258
0.454629 0.984886
1.48795 5.4274
2.05149 3.09781
1.28621 2.07025
1.64486 -2.48066
3.49122 0.459601
-0.162252 -0.127252
-2.5636 0.427833
2.59596 -4.68997
1.20554 9.68282
-0.326355 -0.335328
1.04083 -0.0425066
2.07289 0.880839
4.85528 -8.82966
2.37539 2.80626
3.19656 1.60224
11.0998 6.17429
0.772392 5.61475
-6.62961 2.94978
-0.769254 2.29188
0.747357 -0.585446
1.69897 3.74748
0.192305 3.25595
1.50376 3.39599
-1.13101 1.94835
0.0390303 2.38408
2.43647 2.14893
0.378886 6.76133
-2.50667 1.41608
-2.91844 -9.57527
2.38554 1.83059
3.05084 5.4911
4.47775 -7.89354
-0.246493 6.32974
0.885981 1.65081
2.3047 3.87954
1.69457 4.73093
-0.484563 1.60581
0.741196 1.78081
1.80368 4.246
4.29946 0.701502
1.54362 5.68469
-8.50214 -15.8655
-3.06497 15.6655
11.2302 -9.43682
1.68063 -2.67931
3.7371 5.12512
2.6343 0.943619
4.93979 6.43041
-0.307554 0.738166
1.21532 2.48307
1.43358 2.14806
-1.42627 2.37641
-1.56165 0.658824
1.26453 -1.58383
2.02921 2.47175
4.97951 5.70296
15.7504 -18.2472
4.49373 6.49245
3.05801 1.08235
-25.6421 5.01559
2.25257 -2.85093
-7.3076 -19.3889
0.496732 3.87702
0.225813 5.90934
1.25941 2.32031
0.609486 3.38753
5.29787 2.46446
0.738045 4.52158
1.56397 9.01847
1.06133 1.26902
-3.64678 0.102787
0.0420742 2.75579
1.29108 1.67967
2.89876 7.35284
0.938295 4.41167
1.31983 2.88362
1.82386 2.79315
-1.5889 2.01006
4.54074 6.64331
-0.468542 4.25214
-0.0756548 0.954243
39.4223 -25.589
2.2051 -2.90151
4.00892 4.58006
-0.548747 2.53798
11.6962 6.18436
-0.166779 8.58251
-4.32104 3.17109
8.43578 4.10926
-3.32843 1.805
1.42859 2.29823
-0.472519 1.22392
5.68777 6.53439
-0.130884 4.22255
8.0461 15.3059
0.650638 3.89548
1.82672 3.7854
1.19619 9.79313
1.88344 8.6775
1.12918 5.92415
2.07925 3.28687
2.54317 3.59233
-3.24714 3.51177
12.2927 2.59927
-3.59716 0.961175
3.98952 6.62428
-1.84384 -0.423312
-4.66017 3.16064
-1.32904 -2.25418
13.974 -8.76648
0.711744 1.27872
-0.348439 -8.70101
-1.33301 2.96276
1.92381 -3.8548
-1.05487 -7.6516
-4.84761 -7.11597
-0.378506 -1.75978
3.96018 4.17851
10.1226 2.71939
2.92893 3.27968
-5.95593 -14.2374
-4.77671 -12.6639
4.09086 2.5412
6.37961 8.2446
2.64156 8.31933
-0.692495 8.19322
3.10285 5.4326
1.65187 -3.66048
-0.569848 4.1768
-1.46116 -3.8122
1.82082 0.895094
-1.11663 -2.90233
-0.911437 -1.19998
3.51016 6.68237
-3.15798 1.21431
3.56351 4.57645
3.74848 7.15708
21.3562 17.5984
0.610387 4.0417
10.0189 2.97245
-0.783699 -3.01504
-3.553 -14.0977
-1.00509 -0.518863
-1.86656 5.57025
2.86844 3.83056
1.09126 2.49849
-0.263615 -0.0805507
3.33074 7.60304
3.98487 14.4241
1.34075 0.175031
-0.159658 -3.14098
-0.869688 -3.05632
4.43914 6.83529
-5.03525 -14.3159
7.06785 7.27031
2.44687 4.00939
5.70012 -19.5625
8.59682 1.77576
-0.558603 -1.22016
0.448639 -0.219604
-1.62292 1.3835
-0.57961 0.776071
-4.51687 -2.14943
4.05472 3.13867
-5.79202 -7.67932
-3.53416 -11.9519
-4.08172 -9.7991
0.200134 1.0905
-0.799716 -1.97619
3.98889 6.98054
1.44647 7.3668
7.64787 11.6182
0.448628 -2.77672
-0.840753 5.41693
4.27549 5.57762
-2.12411 0.422558
0.173433 0.254187
1.07145 9.29204
2.68958 24.9413
-0.374481 0.430373
-6.82558 -11.5471
-2.19792 -2.14103
-3.87667 6.5408
-0.721151 1.49666
-1.96375 -2.82338
0.423844 1.21928
1.74686 5.02259
3.67285 5.06721
1.5348 4.0724
-1.03448 0.504548
1.72177 2.58652
0.467976 -1.84522
7.7688 8.59711
0.483836 2.40887
1.71207 6.31309
-0.232077 -5.80677
-3.1572 -5.19831
0.582205 4.10223
3.05517 7.08366
2.87981 3.66965
8.74478 8.17029
-2.37547 -4.91063
4.50518 11.9139
-2.55909 4.88113
-0.997663 15.4052
-1.04661 3.30268
-4.39909 -4.86579
3.0934 -0.907247
-0.569071 -1.67586
1.96811 1.25674
1.09039 1.76661
-0.911136 -3.17924
-0.550161 1.37295
-0.0602894 2.32946
-5.04329 0.0184278
-12.1316 -8.48036
3.58213 3.18415
-0.744857 0.571396
4.16352 3.53746
1.68608 7.0894
-0.617792 2.56032
-3.19956 -3.67116
2.52363 -2.52905
0.570379 0.621285
-3.02942 -7.62889
-2.16006 -2.28753
-0.819852 -1.97121
0.451192 1.75501
4.13628 5.92386
-0.986717 1.70186
-1.96582 5.4791
-2.13827 5.34099
-5.90315 -11.6383
1.04324 1.80827
-2.00473 -4.53359
-3.05989 -6.52539
1.26336 3.18019
-1.80389 0.998797
9.83712 11.5326
0.893069 5.29767
3.79954 10.7689
-0.0316524 9.44271
5.51213 16.2975
-2.18808 3.54233
3.44987 7.57723
5.19615 7.42265
3.68777 -1.02792
9.83973 -0.0955635
-5.13615 4.22351
-4.74375 2.15889
8.07633 2.97508
-2.60604 -2.99161
-0.915759 1.01899
4.31036 4.36719
-4.1021 -3.76765
-0.189228 -3.01906
-4.46825 -4.61591
-4.33773 -3.33129
-1.49558 -0.0606151
-1.20237 4.16533
-1.33369 13.1039
5.09798 6.17356
2.08669 1.63178
10.4373 -0.0953804
-5.78739 -5.92057
1.66633 -2.8708
-1.01843 -5.39937
1.3988 0.413774
-2.13261 8.30206
11.1545 17.2627
16.0219 5.08671
5.29296 3.91077
3.75117 15.7485
-7.4499 17.3353
18.2275 -21.7188
-18.6177 14.9305
-24.1409 4.19001
-9.14956 13.5338
-4.06198 0.531791
9.89028 16.1432
-21.4718 1.97759
-5.33283 23.796
12.287 15.1071
28.0712 1.02759
-8.69072 22.6428
-12.4886 15.4625
-16.4521 10.0634
-29.1624 -14.1286
-29.8769 -6.28893
24.1862 21.2196
-7.41426 1.33164
-29.8858 -31.359
-4.61355 25.8551
29.2265 1.33984
9.71794 -3.34093
5.35637 -18.3621
-35.6201 -10.873
-31.4574 8.14905
-16.9694 16.9057
-25.7244 -9.68855
-34.4461 19.3253
-29.1679 -2.69121
19.4896 19.9214
4.7393 22.8567
21.0784 13.3773
32.4009 21.6221
-6.58635 1.33097
-26.1704 -15.6256
22.8235 -34.7854
-34.3386 3.9307
-5.81285 -36.5433
-39.2566 -9.30746
-28.363 -10.4766
-45.5819 -3.36045
-39.0885 -22.8459
-26.7179 -8.19614
-22.6582 -41.3359
-26.8807 -41.9229
-12.945 -42.0878
-28.7538 17.2895
-37.5824 0.889622
-47.081 4.5763
26.3108 2.00689
-3.24936 0.321943
12.4175 0.699081
-34.8323 -7.74673
-37.0142 -32.5828
-51.3986 -11.2126
-40.0395 -9.09409
-21.191 -41.7153
-34.0064 -0.894023
-27.188 -1.06115
3.87202 24.8747
-38.6057 -15.9571
14.1923 3.07884
11.0636 9.31895
-4.60486 -12.9634
-3.47542 -0.0617359
-10.2467 4.23912
0.440827 -8.5518
8.75715 5.95077
-5.30902 -11.6559
-2.30994 -6.69892
1.46164 -10.4481
-1.67248 -2.70004
8.32918 10.8334
5.37589 7.35527
-4.72634 -0.284767
-8.55737 -14.3232
0.674214 -5.85744
-1.94933 -2.09301
-6.40459 -3.73143
-1.368 -0.859867
-6.46201 -10.7414
-3.23076 -3.79817
0.861866 -4.01041
0.668656 1.88056
0.354637 -1.66689
-8.37565 -1.37256
-11.3543 -11.3616
4.54283 -1.20296
9.79526 -1.55983
3.1461 4.42498
-0.0813435 1.56503
-5.30565 -12.2477
-2.13828 -3.28771
-0.949372 -3.32764
-4.87601 -1.31143
1.78762 -7.94519
1.35996 -0.615405
11.1991 -11.0686
-2.80636 -1.93221
-2.38441 1.74425
14.2619 16.9832
3.17593 -9.45
-7.254 -9.03523
-1.2741 17.5812
1.24958 -0.536912
-1.79635 -2.65106
15.8578 1.7945
0.579733 -6.49922
-9.09337 -14.0893
-2.42507 -3.34535
-0.000917151 -0.522096
-1.16615 2.86787
1.51155 -5.65015
-1.83094 -5.66578
0.224423 -1.13404
-1.34069 -2.94994
0.863832 2.03406
4.06399 -11.6168
-3.75169 -3.73872
-2.61535 -4.24581
1.04514 -2.62281
0.24091 -3.71018
3.03962 -5.47774
-8.28527 -3.45819
-2.71904 -1.50025
4.61772 -0.0667137
0.344713 -13.4589
-0.91244 -8.62441
11.0033 9.49025
-12.3856 -15.2299
-0.654403 -10.528
-10.9964 -2.82699
1.29336 -3.85962
-3.15657 -17.6636
-11.7465 -7.51631
-2.47246 0.0533057
0.614961 -1.91253
-0.774244 1.27289
-3.4044 -5.27682
-14.8055 -15.9268
-15.8314 -15.8419
8.00087 -5.59856
7.47263 6.82465
5.18676 12.0766
-1.05274 -4.53574
-3.76662 -7.0051
20.3077 1.95297
-3.30529 -6.84615
4.86737 6.63555
-21.4432 9.54535
-2.00584 -5.20876
10.2553 -23.7918
3.84818 -17.8483
-5.15669 -2.65179
-1.72749 -4.37188
-8.63486 -9.30558
4.81173 -4.1081
-3.57576 24.0245
-2.7901 -3.26504
-1.77571 -5.3198
-0.976512 -6.08264
-3.05483 0.219847
3.36898 -3.90888
-2.96552 -1.10719
-13.6467 -15.1441
-1.90082 -5.80336
1.6517 0.014469
2.90812 -16.3464
-0.345408 0.481081
5.16128 1.48993
-9.7688 -11.3912
-4.26347 -5.20847
-5.86252 -2.36663
6.25317 1.7881
-12.9781 -30.4659
19.5387 -18.8348
3.34966 -16.7288
-0.435403 -14.1299
-4.09214 -13.1684
-0.61469 -5.70965
0.0609331 -5.73606
-0.526376 -1.07742
-1.2274 -2.08321
1.07145 -2.52091
-5.09004 -2.86843
2.05472 -8.45124
4.14422 -9.40376
3.43343 -11.4375
2.57469 -1.8174
-14.4421 -22.346
-0.91683 -17.8728
-11.4166 -27.6331
-2.33301 -6.17067
0.347103 -0.534803
-3.67998 -13.5797
-0.712534 -1.74613
15.9692 -11.8477
22.3423 -11.6113
-0.964105 -8.90427
0.422343 0.524087
-5.32353 -5.27788
4.82277 3.04579
4.54662 -2.15934
10.7184 -2.14954
0.95904 -3.85957
-2.27144 -4.67952
25.508 10.8676
6.66268 0.963345
6.72579 -0.502007
5.70052 -13.7692
1.1935 -3.31698
-17.1325 -6.17729
2.4869 -9.4067
23.6156 -0.939606
-24.6082 -15.2254
-5.27032 1.11588
1.72268 -1.67595
34.5499 -33.0276
-2.89902 -5.16
13.3274 18.9388
0.559361 -4.1405
-10.9014 -1.11034
3.71241 -11.5512
-5.36019 -5.24117
10.1712 3.58485
0.916801 -4.89763
25.2329 36.8348
0.175848 0.704842
-3.57464 -0.920538
-3.55238 -5.00809
-7.72622 8.71203
2.49065 3.9717
-1.99104 -11.4534
-0.859737 -2.9632
-3.79762 -1.71596
-1.09535 -4.00395
-13.7661 -13.9089
-0.62984 -5.36021
-0.964167 -3.0508
-0.854199 -3.57427
-8.08847 -1.50815
0.435015 -9.19069
0.0276697 -4.40513
-12.4898 -7.37902
-4.09705 -0.303905
-2.34275 -0.883482
-47.7991 10.5145
1.17749 -0.264616
1.80524 -3.27468
-1.27488 1.81399
-1.35215 4.06707
17.3385 16.5892
-1.78153 1.29753
-3.60194 0.984061
4.97537 9.07017
6.25764 8.54883
0.119555 10.1824
-3.89842 12.1265
4.54238 3.29412
2.49525 -1.41772
3.88482 -0.631979
2.83423 -1.45723
-8.61058 -7.94294
-1.94226 0.31276
0.261737 1.80281
0.525754 2.15053
-5.76168 3.19565
-0.48131 0.363856
-2.33874 0.945331
0.797988 8.51003
-9.84102 -1.0557
1.01175 7.13387
-9.13933 1.49517
0.913367 -3.66759
1.92349 2.44715
7.37516 0.743649
-1.15438 0.419493
-1.04968 0.382728
1.60633 -4.42464
-0.392309 1.16975
-4.56185 -3.08322
-3.31787 -6.36547
-3.27265 10.9482
-12.7668 4.60418
12.5269 14.6128
1.84708 0.637225
4.1386 -3.35732
-0.378342 -3.00147
-1.08171 0.163478
0.257479 0.355423
4.82684 0.465127
-0.71437 0.923795
-0.512637 1.79597
2.68227 -0.853705
-7.27902 -14.2305
-1.08388 -1.96488
-18.9604 10.0195
-0.0634234 1.83851
1.82886 5.72878
0.733714 7.2007
-0.388734 -0.0775683
-2.76951 0.443626
-1.63105 -0.299288
2.2045 1.39962
-0.098607 0.234203
-1.52905 -2.11267
4.05679 1.11343
17.3396 18.9099
4.12611 2.6982
7.27766 -1.21851
-1.05367 -20.6218
2.78508 4.69579
-1.00333 -1.83095
1.12615 5.16213
6.1626 -3.16964
-1.19191 -4.36597
-2.89117 -1.3597
4.08234 4.26717
3.34336 -12.9758
1.87268 -0.274561
0.145778 5.35178
0.204001 0.689849
0.910648 -5.97919
3.34885 -1.00865
6.94972 -1.65243
2.68526 1.43969
1.68378 -3.4616
1.87904 0.496391
1.4143 5.45038
-5.05167 -1.586
-3.86406 0.526894
-0.385041 -2.38266
-1.00481 -1.54723
-1.72322 0.353187
23.1333 5.66213
13.2484 -2.47568
0.819927 -1.48671
-3.17132 0.469819
-8.21286 -1.51502
-4.88132 -3.01452
-0.42253 1.1571
-1.14771 2.10648
-0.445576 3.48708
3.4423 3.8745
4.53254 0.647968
-1.96017 -0.226608
-2.95052 -2.77657
3.10409 -1.50462
-11.7682 -21.5494
-12.863 11.2987
-0.697636 6.29046
3.71209 3.9942
-3.60509 -0.433143
-7.56719 7.03227
1.61293 2.70723
0.70888 3.09936
-1.22457 1.72683
-7.54844 4.60486
-3.68807 4.92744
-1.64787 -0.924161
-3.50713 5.44456
-1.54306 -1.87987
-0.720704 -1.8175
-7.15785 -6.11357
17.9431 4.02658
5.92233 -0.7417
1.24352 0.461148
3.85646 -6.01324
15.0649 -26.1333
-4.02499 9.74976
-34.071 -43.7587
6.94593 -6.84779
1.20317 5.13223
-3.58092 -0.843714
0.12458 0.690232
-2.07051 -2.8168
-11.3133 -22.1946
1.51417 1.26739
-2.88956 -9.83526
0.900782 -1.42339
-4.43242 5.18549
-1.75845 2.61062
-1.46973 1.32121
-12.4748 -11.1171
4.26477 0.0877069
0.81937 0.46481
3.31468 -3.66489
4.2708 -6.01251
9.02887 18.5667
-1.1903 -0.438167
-3.23403 5.74451
2.39665 -9.21897
1.16218 3.52333
42.0152 -32.7468
2.88411 9.27814
3.17751 0.935825
-1.34756 8.00609
-11.978 -10.619
3.97969 -1.89131
1.75015 1.39095
-8.74347 4.6727
-0.524566 -8.78434
2.16569 11.5982
-10.2559 11.4441
1.84629 3.01732
-1.29257 1.16412
0.946947 3.44493
-4.47172 4.03823
-2.58579 2.28549
0.744852 0.265817
-10.5546 -11.5129
2.5491 -1.85878
-1.86403 -0.836412
12.155 -24.4512
-6.67913 11.4527
8.88714 -12.7352
-17.5829 -47.3521
-3.54477 2.88429
-0.140714 1.37206
-3.04108 9.55965
2.75322 4.29573
13.7142 8.42627
-0.958798 -2.08668
2.96671 -11.8958
4.13615 3.98289
3.3879 1.56272
2.91548 3.79767
2.16381 -9.34634
-9.32745 -12.615
10.7122 -5.98722
3.80768 12.131
-2.15438 -2.34348
2.63379 -4.0799
3.92869 -4.63103
1.71689 -2.63941
-2.99882 -1.94683
1.05901 -0.909622
-2.00053 -11.6575
-3.9985 -3.44852
0.814048 -1.50944
-0.523688 -1.43024
2.68372 2.17422
-1.57249 -2.26753
3.86426 -1.85219
8.05294 10.0955
-0.909006 -3.42462
7.2506 -10.9676
3.08619 0.0522432
3.83557 1.82815
4.45473 1.09853
-4.29343 0.135102
3.19959 5.70545
-1.47485 -2.19289
1.2722 -2.67494
11.4539 -2.91368
0.198804 2.96562
0.0852467 -3.02489
2.63725 -3.48746
11.0208 2.24795
0.478735 1.13623
2.27763 -4.67842
17.7189 1.9905
15.1315 -0.647368
-1.19175 -10.7464
-15.9408 -2.05352
-0.139274 1.10286
3.47466 -0.804973
1.35351 3.47223
9.09317 -2.234
-0.185048 -2.17507
0.29254 -0.361377
-3.99892 -3.84821
-0.891432 -1.26003
3.60187 3.96681
0.467033 -3.83054
6.43898 -1.80097
3.97399 -4.42825
-2.49453 -3.18102
0.440019 -2.47862
8.89054 1.97379
0.454431 -3.54844
-3.0271 -4.49528
1.34121 -12.1538
3.66343 -0.248323
0.197521 -2.04003
-1.7845 0.508953
-0.466721 -2.57642
2.7545 -4.91627
1.43926 -0.423881
-5.73057 -8.80533
1.03969 -0.868803
-1.47354 -3.5175
18.2367 0.69884
2.11554 -1.8218
6.17464 -10.209
-7.51235 -6.54186
-10.5425 -2.29177
-1.37955 1.63321
-1.8772 -15.0803
-8.20909 2.02882
-0.0892707 -2.52636
8.49544 3.78298
0.100053 14.0265
2.57125 4.9849
-0.939536 1.75699
-11.0326 -1.40783
1.19682 0.839436
3.34512 4.16678
2.39061 2.85878
-3.93393 -3.05757
-19.2917 11.3578
-1.48257 -3.53188
5.02702 -9.07198
-1.56736 -7.79924
1.03821 -0.585085
0.263962 -0.725543
-1.5403 -1.83255
-9.58967 -5.9404
0.0596239 -3.58425
17.6505 -0.821632
-7.22807 -9.34595
23.3842 -8.61723
-1.98 -13.4595
0.173097 -4.45845
-9.85162 -1.20849
-0.811676 2.83392
11.354 12.2666
-0.545196 -1.65428
0.677619 1.01721
-0.549637 0.0603857
5.14723 0.884285
2.13019 -10.6213
0.69988 -2.79101
-8.26786 -11.7846
12.496 21.3067
6.81633 17.7694
2.45793 2.92085
0.535651 0.82229
-9.6641 -1.17075
-8.53342 -1.39909
4.05848 -9.44944
5.98559 0.895732
1.52125 -3.93498
16.284 -2.77268
-0.147739 -11.3001
1.03956 -2.49968
-0.479284 -1.71165
13.7426 14.9835
-1.90236 -6.70498
-13.949 -5.36043
0.106155 -2.7214
-7.2578 -3.09364
0.1998 -3.366
1.28629 -3.84152
-7.17088 -7.31985
4.54206 -10.9581
2.11039 -1.45211
8.83541 0.493522
-0.00813912 -4.88994
-1.87207 -2.96995
2.4174 -12.3929
-11.0769 -29.8374
-4.01701 -7.59343
0.91761 0.759089
4.07137 -10.537
-0.77075 9.27765
-18.9468 11.0123
-1.9348 -3.3661
29.4259 0.0178286
0.0534378 -0.959102
-4.08826 -8.74155
2.45908 1.1868
5.56853 1.96758
26.6009 11.7381
4.74643 -3.48715
-2.67944 -0.109978
16.5395 3.01679
-0.933341 -2.65695
7.36038 -8.98317
0.123809 0.819241
-4.42909 -6.35137
9.87111 -16.7766
4.84763 2.76457
5.72197 0.555223
26.3674 -7.46136
1.58083 2.34337
-9.69871 -21.661
1.39552 -5.18704
-9.57787 -2.08343
3.85176 -16.6706
28.6089 -5.18238
2.31462 -3.50152
10.9286 2.14289
3.1194 -3.71217
0.356973 -4.04183
-0.714281 0.447487
-4.8023 17.0745
1.80667 -1.60979
23.6764 42.2998
8.55194 16.7148
3.50554 7.34302
-6.24505 2.15743
4.73009 1.04836
3.9203 2.33864
-1.58449 -3.60833
1.73447 -0.631243
1.04475 -2.5176
-0.420997 -1.9316
5.05329 -5.95345
1.86097 -1.51431
2.40757 -1.86569
-0.102473 0.102051
1.0502 1.04146
0.695837 -4.13539
1.36948 -1.07877
-16.9588 -48.0265
0.22952 0.63739
-3.34372 -4.07901
7.45069 4.73238
2.41487 -5.65882
4.17394 -2.21816
2.98375 0.447953
1.20705 14.5634
6.4951 2.67185
0.329265 -3.42582
-4.6222 -2.24322
2.42649 -3.54632
-8.71408 -11.7168
-1.76977 -3.17986
-2.37917 -1.45188
-2.16314 0.396699
0.340281 -7.24903
14.8761 -4.17295
-0.0352368 -1.42216
-13.5841 -6.97732
3.88445 -2.00234
-9.51214 -15.9715
-0.0317519 -5.27178
-1.80331 -3.62864
0.421131 -2.51835
-2.95286 -1.48977
3.83382 -1.97127
-3.18353 -5.50878
4.42069 -1.8442
-3.31903 -8.05816
2.2464 -3.25088
1.73999 -1.06601
4.73072 -2.88537
-8.72786 -1.73054
6.04445 4.67275
-7.92433 -9.40726
-6.17966 -9.93969
0.213681 -1.68334
-9.12208 2.51218
2.82442 -17.9591
3.26071 -4.9379
-4.12394 1.85012
-4.3585 -13.2901
2.09597 -2.12697
7.78098 1.14527
7.89406 -5.08728
2.06193 -3.28202
6.85603 5.78882
5.59124 3.71645
-3.04634 -3.81162
13.5714 14.4943
-0.153593 -9.01505
4.74209 -5.03289
0.444879 -0.7805
-1.91816 -6.17816
-0.423334 -8.54239
0.73583 1.48283
23.7292 23.8475
-1.52907 -3.56581
12.0966 -6.70848
2.01947 -4.22048
2.34699 -3.28349
-7.62146 -5.04443
-2.86995 -8.19774
-6.32799 -8.36513
7.50101 4.97008
5.81206 -0.641937
15.3459 -1.46823
1.11762 0.448661
3.56044 -0.936067
15.6341 -0.565197
8.94812 3.98783
-12.859 11.9687
4.47809 -2.57017
3.12026 -0.541135
12.8348 -10.1159
10.4276 9.91711
1.29034 5.40129
5.90685 -0.32073
-1.75517 0.773611
0.716446 0.836682
-12.5103 -27.6443
5.82967 7.25513
30.1538 -0.356138
12.8349 10.9253
6.02385 -6.31724
-28.9612 -34.4796
-12.771 -4.91029
10.6704 15.6763
3.816 -1.39783
1.34166 -4.50893
2.45954 -5.41374
27.6212 21.2527
6.18213 -0.832374
10.7432 5.22531
-7.47221 8.10061
-5.24842 -25.2157
1.50327 -0.285161
9.75081 8.8945
-8.70505 -5.90199
-26.8843 -30.4523
-7.74101 -9.00031
2.14121 0.396501
21.08 -4.13776
1.39548 0.858207
-5.51575 -9.82423
5.3488 5.40545
9.20088 -2.12743
17.6552 12.6707
5.86746 29.763
-0.943946 -14.8275
8.90903 -9.19595
-1.56478 4.10047
-4.32028 -22.2299
3.31303 -4.24204
13.3119 8.84498
6.89895 -23.1441
2.33889 -0.282988
0.759373 -6.37474
-5.98012 -10.4295
-23.8925 2.23572
-1.69293 -7.02824
-6.74571 -6.51182
6.92595 -4.57322
10.466 29.0157
33.5414 -36.3866
16.63 34.7452
-1.93723 -14.8302
9.16039 10.4158
-10.702 -16.0375
-13.3079 -16.3628
0.652504 -0.59326
-13.2681 -17.826
21.5379 30.4602
-4.96804 -20.3251
-4.78734 -8.0063
20.2337 12.9118
6.47938 9.1282
-1.19285 -28.1739
16.6332 36.5306
13.1635 -26.4571
-6.79885 4.17899
12.3983 12.6455
2.98148 -1.55619
-28.6675 -30.7887
-13.8279 -50.4121
3.0092 -12.8191
-1.53665 -0.412956
-7.30803 -9.4451
-4.85481 -1.53796
3.23013 4.58868
-2.6468 -13.3345
5.42358 1.177
-1.68751 -7.55406
4.47703 -3.93673
4.26618 -2.89025
-3.36959 -2.87644
7.44169 -12.57
-7.68607 -8.42869
1.84287 -6.17009
8.46045 5.96108
10.7527 8.6306
0.87447 -1.59432
3.78618 6.13914
1.46081 -0.449342
-0.880056 -2.78817
3.858 -0.560559
9.99708 6.58936
5.6747 17.5704
-13.4775 -17.3781
4.26067 0.229728
-4.65691 -1.73697
4.23036 14.0878
1.22457 -2.23544
3.03264 4.58978
-0.0800917 1.78364
10.9452 -6.50139
-6.646 -5.33954
6.8749 4.5624
-2.40904 -6.78042
5.24252 -5.09927
12.5137 -1.40387
-6.68425 -3.16763
4.26691 -2.29643
8.42422 -0.322765
7.8671 -8.13821
1.74135 -2.29
-13.3155 -17.888
-0.928333 0.688253
0.458538 3.68926
13.4888 8.15673
3.81005 17.1982
-18.1331 -20.7691
6.43593 -2.17294
1.5883 -6.4985
5.485 2.56544
19.0618 -1.41661
8.19363 17.1284
14.6516 -1.78812
-9.2376 11.0341
0.396421 -6.91765
8.43328 0.540045
8.93319 -3.02907
0.63475 -1.4355
0.773235 3.87765
11.5492 -4.78756
5.54275 3.11942
-6.27764 1.09945
-13.5258 -9.24542
-8.21789 -7.41207
0.244825 -15.2536
0.834786 3.22524
-0.928669 0.208608
-10.0634 -3.40577
-13.839 2.28834
8.40882 1.47924
3.68547 4.86834
8.30402 16.2096
16.5868 8.25501
-5.51196 -8.8024
9.19048 6.98214
18.7945 12.9828
8.42152 2.45996
2.46372 -4.03591
1.08778 -2.7964
-3.58202 -2.39612
1.68558 5.5831
5.43134 4.81234
21.2684 20.4548
1.20634 -1.72208
21.0265 -6.32264
3.13561 15.6702
-8.25285 -2.16853
24.2451 -5.34651
12.4456 -18.3208
2.21749 -1.55541
0.887155 -1.78719
-5.06441 -0.729946
-15.9805 -3.22274
0.74426 -7.14453
2.02133 1.43459
7.42579 6.31634
-1.76072 -6.33539
5.81217 -2.06603
3.07124 -0.428044
5.35566 1.46348
4.42388 0.599528
-12.5958 -1.10479
11.6349 -23.8031
5.84563 -4.84578
-13.5472 1.3902
-12.8254 1.89204
-4.78757 -1.78339
4.4636 13.7284
3.62802 3.83449
-4.57349 -10.7286
0.872097 0.409948
10.5133 2.06862
10.5412 3.03005
1.04175 -1.1389
1.37555 -5.6965
1.54562 -8.55947
22.9529 14.1901
-11.5288 -3.83525
2.64099 -8.33729
-3.01587 2.61403
14.8118 5.15543
36.4216 18.3397
7.94685 21.065
0.00139691 -0.798849
-13.9278 -2.3926
8.19179 -2.20279
2.06718 3.32483
-2.80776 7.57667
-11.6085 0.478773
-5.0241 -12.8548
24.492 22.1833
-8.09955 -6.74415
5.79408 -4.37179
19.7464 4.36348
6.95156 -2.14711
1.4871 -0.240371
-29.002 -30.1729
2.65761 -15.8498
0.855685 8.00209
21.2973 15.8485
2.73206 -1.33093
6.69848 -1.7066
-9.23444 -13.6797
-9.58924 -7.24311
-1.52454 1.62059
-6.48835 -3.81289
-7.75712 -3.16958
11.243 1.87236
0.199594 -5.08457
1.4167 -15.6536
34.7205 24.2558
11.2463 -6.07197
17.4936 27.6165
3.14543 2.0379
12.3116 7.63527
0.682266 -14.8544
-3.19683 -7.56941
13.1739 6.34902
-23.4724 -24.6476
-9.02012 -15.7345
0.455126 -3.50657
-2.98816 -11.4594
-3.51421 -13.3563
-7.62366 -9.33487
-11.6017 -16.1541
15.2146 2.35692
-8.42698 8.93582
-7.0617 5.18365
9.13773 -14.4559
-0.295929 -2.79147
1.5969 -0.462936
13.3174 5.93044
7.69519 3.16
-1.67133 -1.39873
3.90678 4.72215
3.04384 5.16036
4.06122 -3.40227
-5.23917 -2.52021
4.33132 0.924829
1.15125 -3.55142
1.56982 -0.274435
1.58893 -1.67999
14.7894 1.00789
-0.614055 1.11796
10.6317 4.31956
-3.72498 -2.69348
-1.40159 -0.184281
0.803563 -2.18805
15.6954 9.43163
-4.17387 -0.609203
-12.8214 -5.45666
3.50564 1.34355
2.44121 -2.40761
-1.31923 -8.9433
-5.87237 -2.54871
4.28102 -1.35395
13.7577 8.92414
1.3386 -4.10007
1.08657 -0.091526
5.98962 6.13024
-12.2323 1.65612
12.1733 -4.6868
1.28557 -3.89954
4.43227 13.1316
1.72402 -0.58031
12.8795 -9.95618
-0.770107 14.7473
2.5672 -2.85654
0.54955 2.38025
16.5076 15.3641
2.277 -0.353872
-1.35949 -1.14283
15.7408 10.186
-11.4961 -20.165
4.2234 0.154008
1.58426 -0.319198
4.95895 -0.134659
0.485703 0.25904
2.09657 -4.28248
1.34361 -5.2333
-16.9051 5.0388
5.99089 3.16868
18.1808 -9.25389
2.84162 6.33069
4.64311 -5.44696
-1.65792 -0.609482
-0.650584 3.09894
9.00689 14.0873
-1.93153 -6.4614
-1.25302 13.7875
8.5827 -10.0464
-1.29408 -1.45451
-11.7084 -18.6238
-2.66335 2.16256
-9.09119 4.72136
13.0951 -6.30041
2.79183 -1.74368
-11.836 -20.0881
0.141247 1.8303
2.64368 -2.32594
0.774882 -5.51408
-1.09328 -1.0382
-4.49378 5.77798
10.5376 -4.29812
25.6852 9.71107
-13.2105 -6.11627
18.9121 20.0653
-8.90251 -2.42833
-7.55838 3.3758
1.47513 -3.98662
5.91973 5.09356
0.111338 0.764841
0.773322 -15.3963
-1.26349 -1.61333
-3.67465 5.97064
-17.4058 -2.14019
3.55255 2.04815
5.42816 -2.72414
6.15399 5.90642
-14.1338 12.9431
2.30961 1.25817
7.59856 10.4148
-7.62016 9.80957
6.56371 -8.82998
14.3982 2.70434
13.8195 -0.94916
2.8963 -0.598715
30.7702 3.15503
2.55074 -20.1855
2.34452 -1.74454
-7.21155 1.99978
-12.8698 -18.4906
2.87604 13.5502
25.2469 -2.48722
4.29002 1.68286
9.17221 5.41745
8.47374 -2.02053
2.31046 0.598377
-11.8587 -26.8291
0.856817 -3.71582
2.88324 -4.31891
1.98618 -1.0158
15.7509 23.3625
-4.62343 -21.2476
-14.9632 -19.9695
1.15508 -1.47554
3.36259 4.19093
6.7494 13.4486
24.4188 -1.66358
21.7247 37.0441
16.8639 1.82792
8.76056 5.00311
6.79465 -3.95342
2.41905 0.344152
-13.9163 -16.5678
-14.7378 5.92623
8.33216 12.3039
5.55596 -9.54096
1.82844 -8.97747
1.71777 2.37804
9.01641 -1.05257
22.5536 32.316
-16.9992 -0.577964
10.0968 7.23414
-6.92357 -5.88751
16.6321 11.1582
13.467 19.2277
10.3869 -27.2334
-6.24141 8.60711
1.97064 -0.780019
6.63437 2.16666
-12.6321 -18.1371
-6.29292 -7.85062
-30.5779 -17.2828
-12.0769 -13.844
-0.644196 -2.89261
27.4335 10.9892
2.34348 -7.50219
0.130913 -4.18003
-23.7692 5.06402
1.69181 -7.04306
-7.94979 -7.98204
14.0603 17.4437
12.7747 -27.8221
9.12069 0.459968
12.066 -7.25509
0.477892 10.2668
3.05521 -0.644312
-17.4301 -48.2646
4.23535 1.86815
1.33034 5.41131
11.5664 10.2534
-1.50176 -14.9218
0.850209 1.34924
0.570021 -3.17481
-10.4876 -9.37521
7.71446 -2.02664
5.51655 5.02952
14.2721 9.5644
1.05005 1.4397
-0.468991 -0.302902
-3.19094 -0.540164
0.346904 -2.63719
-2.24478 0.339755
12.5452 10.4119
-2.91194 -0.658446
-3.54311 0.746498
6.4351 13.2829
-5.19548 1.7187
1.20131 -0.725785
-1.7767 -3.68998
5.62859 -3.60754
-2.20438 1.73324
2.08917 -0.405627
0.53697 -1.35903
13.0204 14.2708
-11.0443 -14.9794
-8.23963 -3.41881
-4.90948 -0.195259
-4.06331 -9.84379
3.37507 4.01708
-1.2098 2.66116
-6.3376 -0.609268
6.30882 -2.62111
-3.07486 -3.88767
-0.938862 0.281133
-3.72308 -0.122646
-9.99848 -0.756522
0.0964509 1.50253
-0.828539 -2.97573
13.5036 -5.3227
-8.00154 0.329757
-5.46429 -15.481
10.1674 2.87366
0.0912112 -0.109835
-4.12289 -1.90177
-5.41534 0.462697
4.78343 -6.60146
1.27663 -4.8983
-0.20133 8.57938
-1.02819 1.45234
-1.51781 -2.50669
-0.502842 0.538494
-11.328 5.34438
-4.41127 3.70345
-15.2964 -1.22296
-3.3168 -4.36872
10.4527 2.44208
4.56596 5.6618
1.28225 -1.40416
8.02403 -3.2599
2.12745 4.73169
-8.96139 -6.15771
11.4328 6.73916
-5.97059 1.59064
-8.39815 -0.584538
1.34222 -1.17629
16.0776 -3.8606
0.119943 -6.52998
-9.56587 -2.04442
10.7181 15.0385
3.92831 1.64238
2.89226 -1.90964
2.78989 -0.878604
1.37193 2.13342
8.41912 11.4231
-1.51809 1.64059
-0.65853 -0.966004
14.222 -18.194
15.7907 -3.29221
1.47387 -19.4492
3.12075 1.46296
0.997127 -1.40273
-3.03345 -0.138252
-5.73274 -0.201341
-14.9957 -3.36944
-0.202732 20.1204
0.6428 3.40344
21.306 18.4974
-3.76391 12.9647
0.772453 2.20514
-10.1219 30.2558
2.45758 2.56067
9.61475 -27.3676
-0.585763 -1.03893
-11.803 -0.372315
6.69266 -7.2968
-11.6381 1.72251
-11.5337 0.664065
-4.9082 -1.88808
-13.9199 -1.69598
-4.4973 -10.6233
5.85454 2.21953
-0.227906 -11.0947
-0.950133 3.59349
2.89706 32.5212
15.6573 -3.73454
3.86626 -0.943995
20.5356 16.4117
6.04027 -1.42322
0.51147 5.26184
0.418224 11.2183
-0.979163 -2.90665
26.9465 5.87071
-0.496116 2.61882
12.2706 26.2906
-13.9197 -1.281
-1.55945 2.46502
5.44382 -1.92262
-9.92506 -10.1196
-23.2378 8.43196
22.9789 16.258
-9.18856 -5.49241
28.83 12.9913
-26.7036 34.7656
3.05605 0.293989
-27.2853 -24.4211
-19.3459 -20.2668
-9.78476 -4.03655
-25.3202 -27.2316
-2.31232 -7.36972
-0.125805 -2.80404
-2.8625 -1.51495
-5.40107 0.468891
21.9878 18.7465
-0.642544 -1.6088
6.37049 5.6044
3.75088 -1.44088
31.5493 26.3814
12.009 29.8881
8.46556 9.14438
0.92173 0.624
-11.2632 -14.2812
-21.7569 -28.0086
-9.89628 -15.139
-3.29101 -2.24862
-2.39858 -4.57918
-4.9759 -11.3166
16.1813 28.1108
-8.61505 7.04606
5.75066 7.4538
8.24284 5.05218
0.439836 0.603786
-16.2245 -47.4897
-3.5799 -1.82731
-6.14113 -9.90667
-3.7619 2.06094
-6.23332 -2.13894
-1.08032 1.60783
-5.60212 -9.31384
-7.04881 -4.63561
-7.36058 0.655935
-2.98675 -6.34268
-0.590405 -0.343115
-2.62925 -0.0239152
-6.23086 -2.1772
-4.57354 -1.20117
3.47171 11.1577
12.2168 -2.64556
3.69587 -0.83552
-10.1219 -2.9963
0.556867 -0.0946936
-5.47494 1.82664
-3.09827 1.52658
5.24801 10.0429
-1.02719 16.5449
-11.5693 3.9958
-6.33172 0.87149
-15.9444 -8.02149
-17.0183 -9.65835
14.8061 -1.68955
-2.00516 -5.67164
-7.31541 -9.52611
-5.23526 -2.17497
1.54977 -4.2622
-10.4132 -1.34902
0.151497 7.205
2.97432 4.85667
-1.02554 6.96622
12.5388 14.1916
-2.63624 -1.0424
-3.58558 -3.00016
9.08889 -2.07624
-1.23001 -1.46911
-12.823 -16.3659
1.24071 1.49617
0.151345 6.96523
10.0641 15.8045
-2.6941 0.76546
3.28314 4.65684
7.87921 6.62645
-15.4193 -20.5792
-0.726593 -2.48788
-8.71636 1.81052
13.9886 7.14179
0.600959 -4.7231
3.09999 0.560092
1.37036 1.81781
-4.7708 -5.86217
0.650271 -1.9617
-0.615142 0.623608
4.28678 11.7933
12.9726 -2.29696
19.2999 14.7731
11.9428 16.7424
-1.9141 -0.291264
14.4476 13.5819
-0.773535 -1.71633
0.799978 0.277739
-1.29678 -2.48499
18.5672 25.6342
-14.0968 5.41562
23.6309 6.41043
18.4017 -1.13475
-16.2831 -20.8683
7.36305 -4.08875
10.4674 15.4854
19.2101 -10.4521
-4.18497 -14.2525
-12.0189 -0.341856
-1.83737 3.08866
-0.180646 0.833323
2.84835 0.969431
11.5006 9.34982
10.9804 9.94643
12.1656 -10.0151
5.87995 12.391
1.79938 1.18217
-16.2815 1.3697
17.5421 14.3539
-7.19608 -4.41354
13.5082 6.72337
6.36464 -15.2253
-11.672 -1.71788
-14.8058 -17.2577
27.7708 -2.08222
18.6769 -7.18952
9.17969 4.51335
5.3072 -4.50569
-10.1558 10.9054
30.6502 26.729
2.29976 3.76827
-18.5028 -20.3572
22.2797 14.4109
2.84835 0.969431
14.3407 -2.18364
2.54316 2.07227
3.80173 -2.38406
-16.6345 11.9218
-13.2322 -23.554
1.10332 -2.02474
17.8782 24.5987
27.9784 25.4363
14.6157 23.196
0.383516 3.11326
17.4199 -5.20056
-20.4872 -19.527
5.92394 25.9656
13.351 1.81666
11.1423 11.4517
-30.2172 -22.9685
-0.909583 0.889076
12.0319 13.6741
-16.1442 -18.0731
6.62189 12.5754
-19.3086 -13.0979
-0.740041 -7.1758
26.9909 27.632
17.6318 14.0928
14.5811 28.0289
25.7606 17.9338
-27.4597 2.89608
-29.6778 -21.4038
-0.237538 -4.41077
12.5045 18.0458
20.4427 -35.8721
0.218272 -0.468086
5.24535 -15.9649
-18.3087 -17.0267
-11.3277 -1.21373
-16.3357 -11.0627
7.27649 -9.08393
-8.36998 7.90995
11.4088 10.2
13.0978 16.2617
10.7993 18.8233
15.1804 -10.5917
19.3565 11.4501
-16.5348 -18.2193
-19.8305 -48.4744
-13.1549 -7.55895
-6.36434 0.44592
-8.35419 -0.277462
-6.59307 -12.1375
-8.85272 3.32383
-0.49478 -4.43157
-9.80855 -7.75283
3.89221 6.44102
2.9486 1.50283
-12.744 -8.03853
1.43362 -6.01735
-1.05708 -1.906
9.37964 -1.83617
-4.58048 -2.18816
-2.67493 -3.81612
-2.40724 -2.69267
13.4234 10.659
6.13981 3.9581
-8.08588 -1.11104
-1.69089 1.71568
4.41538 -9.50369
-13.5453 -7.49072
-1.27624 1.34015
12.1911 16.4392
-8.31433 -0.786331
-1.02566 6.09302
-3.75073 -0.554198
-2.58578 -2.40298
3.50642 -9.4875
0.698475 -3.25276
-11.9411 -2.355
-11.9264 -4.8138
-2.80632 -3.09282
-1.16727 -7.35125
-0.0623219 -19.8712
4.85196 -1.52472
-0.990393 -3.03764
-2.09504 -16.8311
7.28742 14.5212
-8.5549 -4.93464
-16.4827 -14.3752
-0.727763 -0.673902
-1.56573 1.45095
-10.9128 -2.82707
-1.61282 -2.27802
-13.4446 2.04001
-8.31143 4.21683
-2.33509 -16.8314
-6.78514 7.40666
10.0508 1.07771
14.7075 -12.835
4.07043 -0.0937678
-7.7291 -6.41583
0.46048 0.733847
-7.93365 -15.1916
-3.88448 -4.86697
-14.7174 -2.40329
-8.50171 -4.5916
-4.80923 -18.3111
-11.322 -7.4876
-3.37122 -2.08091
-2.52261 -7.84593
-12.4882 -8.3166
22.5818 15.607
-4.39486 -4.55563
-17.7228 -17.6947
0.0647295 7.91918
14.5844 14.8224
-2.29743 1.37429
-1.32105 2.37872
8.90914 1.93595
11.8207 -0.738041
4.39097 -8.41554
1.55516 -6.17224
3.51164 2.26478
-1.67452 -1.35683
-2.3067 23.888
7.08347 7.52926
4.18842 -5.15874
-9.65106 -4.30652
-10.1061 -18.7924
-19.9006 10.7636
-3.74336 8.38437
24.6218 16.6432
21.3435 13.1726
-1.3739 0.558009
-5.73189 0.706757
-7.34933 18.5505
0.817384 -3.84533
-12.5153 0.442025
21.5412 21.2603
3.77473 15.3942
-4.66959 3.30863
-4.12617 1.40734
-8.3101 -0.696332
-0.910473 2.02331
8.93725 6.66103
4.20186 0.883324
-30.0458 -30.3497
-10.277 4.41804
-0.842101 -16.9491
3.80625 13.4272
-4.66357 0.348217
-7.65489 -8.63873
0.665413 6.0242
2.09962 0.311464
-0.00916653 -1.5064
8.86465 -7.16451
-7.37922 17.2235
16.7966 4.28548
2.74657 -2.13982
-1.31496 2.23472
-10.2691 22.5805
-1.85897 -2.30149
-10.2995 -18.7994
-15.8612 -13.1089
-28.464 -27.8772
32.7282 16.6807
0.812009 -17.2882
1.80296 4.30258
16.0839 14.9253
6.0108 10.6795
19.6047 3.91459
16.0088 2.51544
3.05306 1.02507
-35.2427 -31.006
25.0032 -20.4872
-1.43367 3.4136
-12.4425 -12.8398
1.80141 14.8151
-2.97557 -28.566
-9.09898 3.88356
-25.3106 -12.6179
-10.8021 -5.25677
-0.367317 14.1165
-0.767916 -29.3941
-3.67928 -0.885102
16.7341 7.61859
21.2143 14.0842
18.4619 14.7165
-30.9866 11.2959
-7.8208 -5.84756
0.432828 -27.01
2.20386 7.69436
-18.4276 -17.222
-9.9319 -0.362221
-6.56827 0.183774
-6.09212 -2.04473
-14.1197 -2.07985
-5.97314 1.52665
-6.77756 8.66213
-14.6051 7.72187
-4.58 4.51734
-11.5473 3.20204
2.18976 -9.50526
-1.87634 -2.35833
-0.344207 3.0294
1.7726 -1.93552
-4.73328 1.50184
7.20222 -0.565158
-12.0301 -6.92294
-3.93167 2.45491
-15.224 -2.2161
-6.1928 -3.39265
-9.43555 0.0287611
-16.4486 -3.50207
-11.1164 1.15637
10.723 17.8529
-10.6437 3.75379
-4.18089 4.11814
-3.42334 -4.83522
-3.70859 -1.57164
14.3772 5.64584
0.124208 4.48396
-1.62702 -2.24848
-7.98243 -2.82733
-7.09842 -1.20809
1.80331 7.41099
-10.0688 1.03981
-2.13112 0.918509
7.71071 -0.814344
-6.42161 1.34541
-4.29115 -3.12661
-2.82108 -0.838675
3.43797 -2.14964
-4.9133 1.25288
1.98934 -0.622458
14.1845 5.20126
15.1024 4.99972
-21.2944 -17.7261
-9.54247 -1.11618
5.08844 6.25958
-3.85784 -12.2556
-14.7047 -17.2711
6.94697 -2.05009
-9.74661 4.07139
10.4378 12.1887
-3.40149 -1.61974
8.62491 1.58212
7.25155 8.54499
-0.650834 0.706056
-5.52249 2.16547
-17.1485 17.9476
11.1482 13.4794
-5.02279 -9.98382
-7.86528 -2.15847
-9.62107 8.49011
15.1665 4.81092
-21.8697 -17.4388
5.53107 7.39853
-7.45341 1.15367
10.1527 11.9015
15.5622 12.7843
-3.6864 0.577051
-1.76903 14.2129
2.86682 -2.43755
11.0135 17.318
-7.56947 1.27431
-29.7687 -4.35966
14.599 7.31651
-1.00467 10.2981
-4.09199 1.81623
-3.68645 -3.70583
22.5437 20.7798
-20.5304 -15.7988
-1.02249 6.2679
25.9753 4.38597
14.5435 10.0349
9.03292 12.0067
-19.5976 -17.476
2.11612 -2.42383
-0.590403 11.4868
1.7403 -2.76903
0.415748 -5.5846
-25.5399 -30.9419
8.98443 -7.22445
14.6012 7.26701
-5.28954 -0.754187
-7.28603 -0.254396
-20.3003 -17.0225
-4.53904 -6.58503
-12.8758 -0.0708795
10.0166 29.1394
-11.8912 9.85634
-0.839231 2.29786
21.3107 1.76723
-30.6939 4.38475
-5.08335 -1.0351
-7.43806 -2.91753
-10.9706 -17.5386
5.9944 0.0134053
-29.5363 -11.5755
0.708313 -3.15175
-19.0678 -10.7583
29.9898 9.30277
-3.7303 -3.82958
25.0259 -2.38553
6.97911 0.013802
38.0484 14.7052
7.53926 31.1105
-23.2305 -3.44041
-9.35783 -1.30701
-3.22569 22.7434
14.6727 32.2725
-34.4244 5.03903
11.6326 8.48698
-3.26689 10.4582
-10.2757 4.00904
-17.5764 -10.7556
11.729 10.1476
-0.0280975 10.6613
8.60997 16.159
-19.1593 -15.0554
-17.047 -8.87019
-21.6539 -26.9032
26.6812 6.78948
-13.5689 -7.44601
-10.1681 -16.9893
-21.4407 6.20217
-27.0418 -9.64224
-11.4678 -13.5327
-9.84023 -9.1321
15.3049 8.37229
10.3595 -10.7296
10.3889 17.3352
-23.1888 -48.6245
-6.00689 -2.61949
-9.521 -1.34227
-0.188747 -14.6714
1.06335 -11.5014
-10.0079 -3.74017
-5.77385 -7.52134
-3.34887 -6.27614
3.06906 -3.79615
9.01574 -1.29246
-8.57972 -1.2442
-6.81584 -1.93243
-3.32092 -2.40794
-3.68813 0.107028
2.03942 8.10395
-0.00472111 3.93506
-0.310008 2.33528
13.2943 11.195
-9.65462 -0.457458
-14.4187 -6.82585
-0.205317 -10.4633
-12.7889 0.605656
-6.85283 -1.59717
-17.0362 10.999
-8.7283 -14.7906
-6.33104 -5.53972
-6.18334 -5.17299
2.08006 -0.332556
-10.4661 6.1941
-17.9459 -17.0239
-10.095 -14.8412
-12.8048 11.6031
-1.40554 3.53409
-5.77502 -7.92005
-7.63289 -1.88956
2.80552 14.7953
-17.7634 -13.2969
1.86209 -2.65231
8.42218 -1.09327
-20.0188 -0.930968
-3.46358 1.11589
-10.7044 5.71503
-1.63128 6.56534
-11.5472 -9.82944
21.0041 -8.91575
6.74157 1.23591
-0.902098 4.82915
9.60712 8.39851
-11.5337 -17.8384
3.42652 3.10799
-4.96755 2.16141
0.324028 -5.02696
-13.498 -15.117
3.56817 21.5452
-1.49604 18.6627
-12.4915 1.5318
1.85112 13.3638
-12.4582 -5.53126
-17.3635 -16.8487
23.5664 11.3885
5.87089 1.94041
9.25157 9.7292
-6.98411 -4.4955
11.8825 21.445
-0.402817 1.93525
-7.36823 -2.20284
-20.0165 -9.7278
13.7001 9.55434
-7.60132 -7.61534
16.4437 6.23873
-9.95711 -18.8748
-9.52455 9.94938
-11.3342 -12.0929
7.40651 -4.87341
-4.54492 16.9555
-7.06339 22.358
4.57487 13.6492
9.96857 -2.84361
-11.6148 -9.62954
-6.45297 -16.5971
-3.64719 10.0355
13.7274 12.3665
-0.142594 0.174605
-5.01406 0.298825
8.09477 -4.87376
-9.86856 -17.37
21.8789 24.3939
-0.383588 13.1771
18.9242 10.5115
9.25069 13.9324
6.91139 15.7193
17.151 3.36664
1.00346 -3.72902
-7.90141 -8.30505
0.907893 29.8122
-10.4075 -1.41986
21.0296 -1.07913
-4.8369 -0.108608
-9.48078 -18.7251
-4.84511 5.83647
-1.66303 -16.2961
0.491725 28.155
-3.03499 2.42497
15.5656 7.18442
26.9695 6.19879
4.6638 -15.991
-7.04206 -22.2475
32.0618 -27.9189
-5.61998 25.7654
-28.1988 11.0212
17.9744 4.60861
-3.7626 -3.6002
22.3301 16.3633
27.1268 6.88075
-5.55529 -7.31937
15.5611 20.2928
-9.72863 -15.7784
-15.1337 22.8005
-21.7234 -11.8093
-2.19443 2.40225
-17.3523 13.5673
18.0119 2.07435
-9.65075 -20.8192
-25.1069 -11.3042
-6.20698 22.7183
-6.61232 -4.88851
1.12249 -5.55499
-13.851 -9.76946
-15.5574 -11.4835
14.2539 2.9812
3.82598 12.9778
-4.32713 7.87475
-25.9053 10.3987
-8.36618 -6.93686
7.7929 8.55757
-7.3728 4.94744
1.81295 -24.1444
2.41313 -17.067
5.20785 5.13531
-2.54836 5.88547
-3.24202 -2.69867
-10.0889 -2.25219
-3.66596 -7.22395
1.80172 0.605041
-3.27181 -7.14337
2.43878 0.626872
0.620345 4.80527
2.25423 0.474596
2.37213 1.55922
-2.93504 -3.98729
1.3863 -0.818981
-10.135 -5.99814
-0.0139805 -13.0408
-1.61679 -7.08168
3.64303 7.475
-0.361363 5.17553
0.72238 0.918425
0.781472 1.91003
1.09017 3.85166
-8.30272 -6.82692
-11.6365 -11.8459
-0.415467 -3.86438
0.393052 -0.479013
0.317658 -0.655048
0.808505 -0.178127
1.18133 2.99586
1.96652 0.666824
1.71439 -2.08915
-10.4029 12.1601
13.9247 0.865987
3.33273 13.1593
0.330003 -7.32554
14.0613 -7.48642
-11.0833 13.8685
2.54012 4.48021
3.23836 0.719565
1.88095 10.4835
12.7725 -17.9836
1.12155 -3.52442
2.59669 0.899012
-5.20173 2.04703
-0.988146 -2.00513
1.97692 1.75814
8.25981 2.92589
0.699672 3.23811
7.07386 2.46138
10.3752 1.57703
14.9675 10.431
0.903769 0.0288676
2.13023 0.152039
3.29144 -0.689583
9.37603 16.3603
7.18573 4.18509
-1.28706 0.849071
14.9299 -14.4643
1.46097 0.197005
7.20151 2.2141
-0.215271 -0.511342
-0.7225 1.62776
0.7922 1.54022
2.09444 3.73389
3.5332 8.08279
1.89906 0.236415
-3.43102 -1.24144
-0.40362 0.42166
-1.25309 -1.08141
16.7701 4.98373
2.60315 1.42267
2.02913 0.838829
-3.26506 7.1307
5.54999 6.14574
6.14145 -1.99937
-4.25591 1.80658
-0.672062 -0.805791
-1.76192 -7.31816
-0.739781 2.28662
-2.8029 -2.69572
-20.8777 11.6407
2.47904 2.72166
-11.9596 -11.7102
-1.55016 3.69083
-13.328 -8.66034
-0.559361 -13.1909
4.73854 5.15455
2.23727 -6.86763
-0.134573 2.63977
-10.2564 0.411362
-1.19362 -8.4311
16.7769 -11.8895
1.42492 1.34768
1.94553 3.19995
3.86573 -4.7777
17.3521 2.50513
1.0906 -0.135433
0.631759 0.61137
-3.54394 11.2512
-8.99182 -4.3716
-4.84679 -5.28136
5.28097 -0.330075
11.9555 0.908863
1.4148 0.136269
0.0974197 -1.13676
1.19518 -2.24808
-4.63327 8.62228
-10.9846 -6.6041
0.575641 2.32835
1.45027 0.276572
-0.570661 -2.47523
4.95023 -1.72223
11.8957 -2.71469
6.11881 -1.93705
-13.6146 -8.08561
-12.6773 19.5958
1.09506 0.389636
4.70375 -9.83058
1.31496 3.04581
2.24338 1.24386
4.30155 -3.64958
-12.8225 -11.135
1.76499 2.79763
-3.63237 2.53621
11.2389 7.83685
3.55044 -2.9161
3.186 0.117043
3.08734 3.32634
18.3358 18.6352
12.9827 22.7743
5.63604 -0.122852
12.8129 2.05898
20.3997 25.3991
14.5783 4.2845
11.92 2.07967
3.16695 12.5937
5.33272 8.83886
-1.93873 -4.40711
4.81839 -0.555685
-1.28504 0.302215
7.07031 -5.25374
1.11042 0.277533
-10.9633 -3.74389
5.96652 9.55737
29.6212 25.5086
2.3273 1.06563
-20.9801 -27.0061
1.74305 2.86293
-0.799223 26.2382
-3.63305 -8.36273
19.612 4.1293
3.14668 4.19908
2.07516 -1.00222
5.49461 -8.05629
2.29367 -11.8329
-8.73065 0.262759
22.5914 18.3504
1.91563 -0.399986
2.68532 -4.35395
-4.8591 7.13786
5.39669 7.79366
2.58924 18.8519
4.90963 0.685388
3.52476 -0.674918
2.37685 -6.67346
-3.47331 -6.1286
3.95694 -15.056
-9.38448 -2.47017
1.92721 1.87422
3.54136 -9.35886
-1.27458 1.00665
4.28051 4.65232
3.97578 2.56175
1.58315 -0.23876
-5.41196 -1.14138
0.592708 -5.9741
-3.08841 -8.11031
1.40694 1.55994
-3.22237 -8.77638
4.57156 -5.80615
1.75937 18.851
-7.29297 -30.5243
4.22123 3.66402
-0.278195 -1.0536
14.8829 6.93399
2.88258 -0.146968
-3.01913 -15.6677
32.0485 10.0089
-9.04652 4.69508
20.9511 18.765
1.07675 -1.19056
-1.15133 15.6722
26.486 14.6048
15.6744 5.46558
12.6105 -2.92996
-14.7472 5.67539
6.71151 33.8442
4.43387 0.669216
7.55084 11.5803
2.88773 0.570251
6.88699 34.6012
-10.4451 -0.337736
24.7494 42.5949
-2.02023 -12.1843
4.98173 -1.32548
12.0246 11.8899
11.0989 21.053
6.8688 -3.51219
1.72954 2.3062
-2.33242 -5.5083
4.23243 -4.38817
1.29698 -6.08565
9.90744 2.64259
-4.267 -7.8684
-9.40426 -7.5479
-3.81598 -32.018
-1.59468 -2.20851
4.33632 38.8883
17.086 20.673
-3.40382 -6.40969
-29.7588 24.8084
-0.955282 2.51208
2.55287 -1.39384
-8.11567 12.5886
2.97119 6.66944
-4.23475 7.44286
-1.10231 0.467345
-3.92862 5.90309
8.39945 -17.8167
-12.0241 -20.2153
11.6863 3.81884
-2.62675 -7.73374
7.4054 -8.94004
3.00681 4.84585
0.897181 -12.9579
-8.75427 -1.29796
0.459136 0.830926
2.13393 1.70436
0.55635 2.60496
3.11116 -3.90692
3.09787 12.0284
5.08273 -7.16567
-2.04802 -0.587152
-5.28892 8.75894
0.794428 1.32042
-1.35772 0.623214
0.266155 1.54862
3.53761 -5.71774
14.2961 0.997066
-5.58574 -0.619628
9.76075 14.2741
-1.78032 0.692166
-1.60839 -13.7311
6.07967 -3.09034
8.18023 11.1904
-4.17416 6.30995
-11.8267 7.68844
7.57315 1.8167
-11.0926 -1.11911
-4.10647 0.898624
-10.7738 4.41823
-2.17814 -0.629087
2.43918 9.08987
-16.1178 -6.99455
-17.9921 3.12956
-1.62406 2.68988
-0.77025 -1.26855
0.447365 4.85837
-7.61347 2.72618
-1.63381 -1.8158
-5.95551 3.35239
7.93643 -5.8348
-9.78245 -9.92754
4.05673 -1.42478
-6.15824 -2.62039
0.610904 -1.32954
-1.79375 0.427116
-6.16659 -13.6684
1.63982 2.21483
0.621267 1.67966
4.74768 11.7286
2.07576 -0.959281
1.89923 3.71942
4.55116 -0.530873
-0.566182 1.41538
-3.43858 -1.94246
13.0253 8.67005
-7.33897 -11.7127
3.43327 -4.78248
1.39268 3.58571
-11.0788 -12.5199
10.7675 10.237
0.570136 3.06841
5.28839 4.37298
0.409717 -1.56268
-2.02931 0.540729
-6.39657 -3.09945
3.38555 4.47533
-1.01046 0.934361
1.47368 -2.56187
4.93367 7.91832
0.204536 4.04154
4.05502 -2.14323
2.61229 -4.57058
0.723354 0.0254836
13.0247 8.19153
1.22133 -4.86747
-6.30484 8.9723
-10.3454 8.18351
1.02345 2.63147
-0.0938091 1.65265
1.17752 2.03869
-0.431629 1.27286
2.57007 4.63356
-3.39984 -2.51116
-0.343877 0.0715926
-11.8283 -14.8595
2.58006 -4.44115
-1.46861 -8.35525
-10.6737 8.93478
-4.19169 0.160942
-1.46884 2.05732
2.94843 -12.9238
13.3737 23.4578
3.15117 -9.13343
-3.18342 -9.50137
0.93203 1.99167
-1.35463 1.78648
-2.44089 -3.05992
6.16618 4.31197
-16.4398 -19.4513
16.1486 5.92781
1.92005 9.16013
5.00141 -10.7514
-4.3715 -7.76372
-9.49084 -9.95086
-4.48253 -11.0826
-1.9441 0.166538
1.35859 -0.0562677
-3.19943 -4.74388
0.126006 0.141313
-13.1792 10.0421
5.08843 9.77209
4.92747 1.31972
13.8176 -0.922961
-0.338422 -3.67654
-2.56057 4.83606
-11.9109 14.9789
3.22972 -2.62683
-5.25132 19.3779
0.63203 1.01797
-1.7758 1.40376
15.2371 17.8963
2.65556 -3.74149
-0.574758 -0.132921
0.421894 0.339192
-1.69448 1.78745
-2.99414 -9.81622
19.9693 13.9805
-22.579 -25.3237
2.20907 8.58429
25.2518 24.7416
0.892791 0.594721
-0.0923523 23.8454
-1.99082 -14.6213
2.40559 0.270844
4.11874 1.04576
-5.88298 -1.13237
-6.104 6.03531
12.8974 -6.94904
-0.200918 7.68276
0.123034 -3.78287
2.66678 -1.71433
0.0408786 -5.24713
22.5593 5.75597
-4.91628 -5.37025
-3.01828 3.53659
0.00238477 0.899973
1.48892 -2.87483
1.82836 -3.2234
0.121256 3.2225
-1.54328 0.717178
0.735602 2.10922
13.0093 -13.3844
29.2192 28.0056
2.44226 -2.97336
19.6434 7.84187
2.76953 -20.2915
-1.48577 -1.60324
-0.751141 -17.4636
-1.73491 1.57779
0.217115 -14.7507
0.861058 -1.54757
0.655638 -0.287123
-10.5659 -20.1992
33.8263 -27.2678
-8.63529 19.8363
2.41327 1.89023
-11.4747 -13.8434
0.485465 -5.60542
1.31532 -1.79043
-0.611757 17.3463
23.3673 7.28361
10.6474 -12.6929
32.8905 2.4146
-3.65397 -3.91437
6.25713 -0.0252327
-12.1913 13.8699
17.0643 -22.0829
-6.41749 -5.38778
1.50063 -5.97548
-10.7068 -18.7693
-36.4297 40.0326
-3.82899 8.16595
-4.76566 7.21042
-4.6334 1.60421
1.67377 13.8147
-25.6445 12.2095
-0.641645 27.2886
2.00867 -2.60472
-2.00093 -0.514847
-0.479906 -4.77285
2.21639 1.11953
-3.59638 -3.14711
5.31509 -20.9403
-9.20667 -9.61368
24.1137 -47.1849
-13.9951 10.5842
2.06251 -5.39649
-12.6149 9.23561
-23.183 25.2506
-3.71009 18.7688
2.69116 5.56931
2.09623 -1.99843
5.46794 13.3608
0.170009 9.97222
-13.4072 -12.0796
-13.7297 -0.983789
-3.68101 9.41796
-4.095 1.04419
-9.15235 8.39902
-25.6456 11.6185
34.1618 7.96685
1.02578 -0.284548
21.9981 11.3723
10.3052 -1.48157
