57 52.403
58 71.054
59 68.091
60 63.428
61 60.825
62 57.61
63 56.219
64 84.781
65 552.734
66 530.878
67 544.223
68 530.808
69 548.057
70 530.586
71 556.332
72 1099.92
73 825.341
74 1049.96
75 707.462
76 1267.94
77 721.643
78 1419.97
79 820.675
80 1629.23
81 851.565
82 850.548
83 971.912
84 783.279
85 748.709
86 1254.53
87 752.945
88 1286.97
89 840.346
90 689.477
91 770.906
92 1061.37
93 650.811
94 886.055
95 1037.33
96 639.999
97 799.605
98 1094.59
99 671.921
100 671.943
101 873.077
102 704.784
103 597.38
104 923.45
105 1049.15
106 675.576
107 917.849
108 965.161
109 659.022
110 930.469
111 856.363
112 738.982
113 592.837
114 733.273
115 922.795
116 605.648
117 594.463
