796.241
782.826
745.908
398.987
473.653
458.901
523.091
677.346
830.254
370.045
675.435
759.275
526.909
413.741
392.027
617.07
531.76
711.404
501.614
446.699
638.203
539.178
461.197
541.313
835.706
371.357
599.504
532.923
501.008
475.915
445.715
866.373
622.477
709.448
702.762
401.716
867.91
763.628
734.942
604.621
534.696
721.651
767.058
421.888
470.657
733.934
824.705
583.164
408.404
791.305
640.737
772.191
445.805
388.169
858.67
916.815
621.531
830.344
467.233
480.874
703.553
631.636
688.683
476.619
761.612
749.563
1057.47
397.474
869.154
595.271
867.477
595.263
810.021
1174.15
1165.55
1207.76
539.497
617.477
497.082
937.371
1165.58
702.92
538
816.075
790.325
892.207
561.624
749.719
438.299
829.955
591.688
929.988
649.451
464.671
463.705
1075.61
568.023
622.952
754.661
964.824
779.518
608.071
893.053
454.703
470.08
389.119
1016.74
1183.94
805.372
611.543
693.84
526.8
637.903
666.499
599.124
602.826
608.607
599.74
706.164
601.131
632.21
1018.23
813.534
1054.03
611.509
959.632
741.392
705.772
723.383
509.58
815.241
620.539
862.134
733.451
783.26
744.704
418.239
781.582
483.577
734.869
751.027
466.748
722.087
641.564
766.271
699.748
613.738
739.706
788.284
771.02
805.466
1060.07
891.945
598.082
564.031
618.757
648.903
826.001
454.174
444.856
872.471
654.147
678.775
627.893
409.387
422.482
863.262
651.937
1130.87
441.61
617.61
600.702
815.681
411.71
686.331
626.29
681.437
556.419
568.58
707.391
651.686
435.315
401.172
448.739
348.545
274.675
232.811
292.762
301.342
291.026
325.088
251.997
215.475
263.418
411.49
211.059
229.063
211.035
126
171.001
280.148
172.121
217.723
151.432
213.955
145.47
174.432
142.754
170.061
201.97
190.065
386.462
793.544
667.226
508.572
735.468
461.423
307.96
432.438
316.462
439.837
1016.68
440.49
434.265
948.269
655.467
839.251
620.647
711.453
682.679
635.239
983.123
564.399
1144.48
904.246
1278.19
526.462
1164.65
422.886
874.696
718.936
834.864
720.768
645.416
913.152
997.805
1332.52
1256.55
634.248
477.639
554.555
911.617
924.817
478.476
775.825
813.695
730.832
1016.35
782.11
1192.31
997.437
1003.5
534.585
1298.4
894.567
630.042
362.258
528.355
1317.37
976.113
879.101
743.695
646.108
730.587
569.077
646.155
375.443
738.151
668.467
743.559
1343.42
898.823
974.983
1214.24
758.121
975.591
553.266
971.384
676.43
558.5
479.444
572.306
967.668
425.549
1046.28
661.102
804.715
628.121
826.306
567.318
858.004
840.075
1012.32
791.795
850.405
890.148
907.478
816.074
723.72
522.83
670.004
998.448
1223.14
588.221
684.534
583.974
828.485
542.633
428.507
416.903
419.318
750.943
665.078
642.731
445.131
457.555
597.766
995.411
803.975
731.077
997.187
575.148
876.589
635.164
577.661
606.889
782.22
1199.56
548.761
548.939
675.672
716.202
565.966
720.48
1075.35
1184.28
823.559
1264.69
743.96
748.343
795.768
962.511
469.616
371.992
503.454
661.293
504.831
636.836
483.204
663.709
916.172
708.367
658.711
567.226
329.996
654.82
657.562
947.697
832.694
1263.55
1233.9
743.281
668.106
1143.15
1003.07
1377.77
811.466
785.736
986.734
994.05
700.719
753.727
696.82
809.257
698.688
632.939
671.291
643.595
820.649
647.831
656.455
1094.93
797.672
623.791
1131.62
872.062
1107.86
685.414
909.708
778.599
572.791
525.622
487.601
1062.49
807.383
931.841
1146.48
672.333
775.67
577.609
1082.58
739.715
629.803
730.979
803.43
902.933
700.506
417.086
676.768
558.776
1014.71
803.4
516.584
678.293
662.479
928.221
489.081
546.026
696.852
728.179
1055.99
774.645
717.222
430.104
585.962
581.374
616.219
783.074
655.251
458.735
852.846
740.89
677.23
1094.04
323.06
527.071
629.742
425.1
374.755
664.787
663.684
871.136
933.237
788.073
918.783
311.984
658.385
456.147
562.557
844.656
639.093
383.985
619.384
647.345
757.175
799.861
701.9
660.802
1231.42
1220.77
394.928
346.807
456.865
1048.44
1042.97
520.642
355.991
444.502
919.559
749.84
964.508
395.374
701.918
657.583
797.727
1076.4
611.607
863.067
679.815
485.804
598.877
530.317
445.044
290.88
917.321
847.897
724.708
379.624
728
798.559
464.643
985.895
655.209
587.644
849.993
533.563
793.65
1036.53
753.317
410.669
864.572
989.752
601.093
870.104
1180.91
847.381
338.625
759.334
631.488
474.309
469.685
666.998
703.842
962.816
476.522
681.175
626.127
537.65
610.276
367.398
541.489
816.394
580.292
750.631
852.263
631.083
1230.16
437.602
1019.61
1255.3
576.92
617.194
1139.22
769.992
845.7
650.373
950.102
806.481
566.571
1057.61
1519.07
1083.1
902.377
847.992
1608.14
975.882
601.536
503.704
661.836
651.573
664.135
265.481
371.067
616.852
443.439
492.323
555.797
296.051
652.926
1253.49
824.325
636.302
365.368
895.203
615.807
613.995
476.188
931.453
1049.54
1152.81
918.401
718.453
997.263
1422.86
1060.51
713.24
1036.16
1211.2
535.656
960.717
217.827
409.861
620.53
924.49
606.191
476.175
553.633
236.643
479.007
637.384
511.449
752.589
642.48
769.131
1301.89
1128.42
967.635
526.154
800.495
724.841
539.14
605.758
546.615
604.854
485.909
404.23
519.811
395.194
804.326
324.528
530.906
619.46
924.324
410.425
713.772
502.593
579.792
982.446
1121.73
389.187
1106.3
921.448
1141.32
1053.87
387.928
925.854
839.15
703.368
747.089
553.034
1005.75
1097.76
1163.81
559.741
657.827
746.947
502.189
756.195
210.721
204.776
