238
189.947
316.803
196.884
261.526
303.387
208.509
209.297
260.436
611.267
255.87
378.51
187.645
229.841
204.426
325.342
315.475
253.583
283.094
191.773
185.473
268.709
239.138
206.69
219.598
190.86
141.613
204.348
228.37
286.948
502.29
238.221
272.279
298.32
216.635
249.273
242.293
222.609
356.841
223.16
241.026
231.991
288.122
256.215
272.378
232.915
221.407
375.493
241.033
584.172
317.728
197.025
196.319
288.354
245.201
233.896
205.939
276.389
182.344
300.834
303.043
247.587
266.043
210.348
255.928
292.472
211.898
180.691
201.302
643.258
258.502
259.697
220.543
222.779
265.701
228.93
714.019
260.741
254.773
186.016
212.789
259.58
245.663
228.218
238.229
287.207
236.71
185.051
186.465
234.698
176.56
302.848
693.631
227.132
349.845
271.084
245.635
206.728
198.552
206.125
227.457
189.104
206.041
214.017
190.449
842.411
257.913
229.161
214.498
239.995
258.854
916.805
286.132
243.267
220.631
246.138
228.151
206.116
209.523
206.494
272.079
194.981
255.797
233.198
170.407
232.273
341.733
311.024
244.009
196.025
203.106
179.155
265.541
206.387
282.202
210.258
216.216
162.139
188.417
246.06
164.548
213.626
159.189
196.908
187.057
128.769
116.995
769.654
202.017
153.515
169.771
156.938
142.874
155.276
90.668
116.551
145.667
457.782
112.308
138.171
488.866
115.374
192.928
755.138
229.957
237.23
190.292
152.37
238.726
161.07
170.146
147.387
221.264
192.974
731.885
197.409
191.958
148.644
115.123
745.311
220.133
120.964
154.982
86.116
111.44
121.669
720.077
240.854
135.266
129.588
176.773
644.162
171.566
144.755
138.548
112.071
125.83
169.812
188.37
180.206
158.889
913.12
145.296
121.942
151.986
133.151
149.646
174.176
178.974
194.726
179.417
227.434
209.641
231.619
155.897
690.25
138.9
126.592
95.871
126.795
503.088
103.409
186.204
173.034
104.317
146.544
110.279
596.248
61.882
137.652
138.272
142.852
97.195
156.409
139.956
102.592
110.734
589.431
146.556
120.094
162.132
102.817
102.619
131.923
131.958
95.249
697.893
160.03
74.026
70.667
86.373
118.508
108.371
125.57
676.219
138.104
157.557
424.315
151.153
167.212
198.465
719.496
185.827
128.752
134.492
143.297
151.108
775.816
291.433
757.438
169.557
183.93
138.403
177.65
159.626
183.764
162.819
710.789
326.433
199.785
228.937
141.401
701.906
279.369
141.552
200.385
153.409
175.62
831.448
257.555
284.497
761.273
386.171
237.82
247.484
303.973
197.23
860.355
242.68
167.05
268.097
224.094
167.522
140.657
744.937
268.796
159.912
171.351
142.687
164.755
157.652
671.345
254.373
157.259
158.546
764.072
184.45
166.842
165.856
107.739
172.821
148.137
172.483
175.399
682.174
250.576
182.289
191.542
171.635
179.131
124.001
180.791
716.297
263.09
708.698
245.665
196.804
137.978
600.139
234.727
128.394
210.503
122.736
172.355
142.398
150.995
350.385
288.569
253.541
349.053
207.518
111.893
161.808
132.772
166.993
157.102
164.606
701.657
297.461
271.405
134.225
175.945
103.117
162.999
160.546
131.492
109.599
825.027
267.691
121.848
601.203
243.663
211.695
216.1
112.482
152.687
214.413
148.321
215.996
176.406
161.8
130.872
85.09
541.559
247.139
154.9
226.321
114.754
132.786
133.018
178.157
134.749
183.793
206.181
220.007
756.597
157.544
134.992
615.232
208.965
134.459
155.925
616.98
142.247
231.771
182.825
125.067
144.329
120.816
129.653
119.646
164.766
178.264
637.328
226.791
144.104
162.932
764.17
189.005
142.683
128.138
134.098
207.553
214.327
144.976
261.207
174.533
167.724
249.313
176.219
253.543
200.427
240.926
303.283
151.699
170.809
188.827
169.649
122.501
138.415
121.637
214.194
152.038
206.168
139.264
152.85
121.22
107.683
113.996
735.225
207.572
765.392
182.91
714.845
189.854
172.696
652.235
197.729
159.233
184.166
768.415
165.454
139.045
166.339
170.304
134.35
101.095
174.762
232.906
202.647
685.35
267.379
241.861
154.52
153.311
156.374
628.652
108.251
6.029
132.624
138.523
244.444
677.464
270.75
149.561
145.231
106.012
198.567
140.941
641.92
168.864
166.012
105.818
259.843
136.147
205.11
205.618
717.266
387.622
163.186
192.102
719.118
184.275
133.314
151.999
138.507
621.536
255.282
246.927
203.537
185.733
160.507
212.67
237.307
839.777
360.369
835.595
221.295
196.717
656.063
381.237
181.86
261.57
173.347
262.933
163.821
830.198
87.329
118.695
153.901
147.297
164.082
111.726
430.764
142.972
232.963
149.883
217.885
113.893
146.126
296.859
352.884
167.774
263.253
148.997
864.204
248.653
172.599
73.201
118.304
95.981
98.475
102.633
203.186
140.12
151.258
124.799
140.004
82.244
51.474
69.139
72.721
146.418
123.588
71.04
84.757
73.852
8.272
65.626
12.074
19.918
15.585
191.624
159.896
138.598
88.069
28.958
94.911
92.312
17.031
